t 	 u 	 du
   0.00000 	    1.57080 	    0.00000
   0.01000 	    1.57080 	   -0.04905
   0.02000 	    1.56982 	   -0.14715
   0.03000 	    1.56785 	   -0.24525
   0.04000 	    1.56491 	   -0.34335
   0.05000 	    1.56099 	   -0.44145
   0.06000 	    1.55608 	   -0.53954
   0.07000 	    1.55020 	   -0.63762
   0.08000 	    1.54333 	   -0.73569
   0.09000 	    1.53548 	   -0.83374
   0.10000 	    1.52665 	   -0.93177
   0.11000 	    1.51685 	   -1.02975
   0.12000 	    1.50606 	   -1.12767
   0.13000 	    1.49429 	   -1.22553
   0.14000 	    1.48155 	   -1.32329
   0.15000 	    1.46783 	   -1.42093
   0.16000 	    1.45313 	   -1.51843
   0.17000 	    1.43746 	   -1.61576
   0.18000 	    1.42081 	   -1.71287
   0.19000 	    1.40320 	   -1.80974
   0.20000 	    1.38462 	   -1.90630
   0.21000 	    1.36508 	   -2.00252
   0.22000 	    1.34457 	   -2.09833
   0.23000 	    1.32311 	   -2.19369
   0.24000 	    1.30070 	   -2.28851
   0.25000 	    1.27734 	   -2.38274
   0.26000 	    1.25304 	   -2.47628
   0.27000 	    1.22781 	   -2.56907
   0.28000 	    1.20166 	   -2.66101
   0.29000 	    1.17459 	   -2.75201
   0.30000 	    1.14662 	   -2.84196
   0.31000 	    1.11775 	   -2.93077
   0.32000 	    1.08800 	   -3.01831
   0.33000 	    1.05739 	   -3.10448
   0.34000 	    1.02591 	   -3.18915
   0.35000 	    0.99360 	   -3.27221
   0.36000 	    0.96047 	   -3.35350
   0.37000 	    0.92653 	   -3.43292
   0.38000 	    0.89181 	   -3.51030
   0.39000 	    0.85633 	   -3.58553
   0.40000 	    0.82010 	   -3.65845
   0.41000 	    0.78316 	   -3.72892
   0.42000 	    0.74552 	   -3.79680
   0.43000 	    0.70722 	   -3.86194
   0.44000 	    0.66828 	   -3.92421
   0.45000 	    0.62874 	   -3.98345
   0.46000 	    0.58862 	   -4.03953
   0.47000 	    0.54795 	   -4.09231
   0.48000 	    0.50677 	   -4.14167
   0.49000 	    0.46511 	   -4.18748
   0.50000 	    0.42302 	   -4.22961
   0.51000 	    0.38052 	   -4.26797
   0.52000 	    0.33766 	   -4.30243
   0.53000 	    0.29447 	   -4.33292
   0.54000 	    0.25100 	   -4.35934
   0.55000 	    0.20729 	   -4.38162
   0.56000 	    0.16337 	   -4.39969
   0.57000 	    0.11929 	   -4.41350
   0.58000 	    0.07510 	   -4.42302
   0.59000 	    0.03083 	   -4.42821
   0.60000 	   -0.01346 	   -4.42907
   0.61000 	   -0.05775 	   -4.42557
   0.62000 	   -0.10198 	   -4.41775
   0.63000 	   -0.14610 	   -4.40562
   0.64000 	   -0.19009 	   -4.38921
   0.65000 	   -0.23389 	   -4.36857
   0.66000 	   -0.27746 	   -4.34377
   0.67000 	   -0.32076 	   -4.31487
   0.68000 	   -0.36376 	   -4.28195
   0.69000 	   -0.40640 	   -4.24511
   0.70000 	   -0.44866 	   -4.20444
   0.71000 	   -0.49049 	   -4.16006
   0.72000 	   -0.53186 	   -4.11208
   0.73000 	   -0.57273 	   -4.06062
   0.74000 	   -0.61307 	   -4.00582
   0.75000 	   -0.65285 	   -3.94780
   0.76000 	   -0.69203 	   -3.88671
   0.77000 	   -0.73058 	   -3.82268
   0.78000 	   -0.76848 	   -3.75585
   0.79000 	   -0.80570 	   -3.68638
   0.80000 	   -0.84221 	   -3.61440
   0.81000 	   -0.87799 	   -3.54007
   0.82000 	   -0.91301 	   -3.46351
   0.83000 	   -0.94726 	   -3.38487
   0.84000 	   -0.98071 	   -3.30430
   0.85000 	   -1.01334 	   -3.22192
   0.86000 	   -1.04515 	   -3.13787
   0.87000 	   -1.07610 	   -3.05227
   0.88000 	   -1.10619 	   -2.96525
   0.89000 	   -1.13541 	   -2.87692
   0.90000 	   -1.16373 	   -2.78741
   0.91000 	   -1.19116 	   -2.69681
   0.92000 	   -1.21767 	   -2.60523
   0.93000 	   -1.24326 	   -2.51276
   0.94000 	   -1.26792 	   -2.41950
   0.95000 	   -1.29165 	   -2.32553
   0.96000 	   -1.31443 	   -2.23093
   0.97000 	   -1.33627 	   -2.13578
   0.98000 	   -1.35715 	   -2.04014
   0.99000 	   -1.37707 	   -1.94407
   1.00000 	   -1.39603 	   -1.84764
   1.01000 	   -1.41402 	   -1.75088
   1.02000 	   -1.43105 	   -1.65386
   1.03000 	   -1.44710 	   -1.55662
   1.04000 	   -1.46218 	   -1.45918
   1.05000 	   -1.47628 	   -1.36159
   1.06000 	   -1.48941 	   -1.26387
   1.07000 	   -1.50156 	   -1.16605
   1.08000 	   -1.51273 	   -1.06815
   1.09000 	   -1.52293 	   -0.97019
   1.10000 	   -1.53214 	   -0.87218
   1.11000 	   -1.54037 	   -0.77414
   1.12000 	   -1.54762 	   -0.67608
   1.13000 	   -1.55389 	   -0.57800
   1.14000 	   -1.55918 	   -0.47991
   1.15000 	   -1.56349 	   -0.38181
   1.16000 	   -1.56682 	   -0.28371
   1.17000 	   -1.56916 	   -0.18561
   1.18000 	   -1.57053 	   -0.08751
   1.19000 	   -1.57091 	    0.01059
   1.20000 	   -1.57032 	    0.10869
   1.21000 	   -1.56874 	    0.20679
   1.22000 	   -1.56618 	    0.30488
   1.23000 	   -1.56264 	    0.40298
   1.24000 	   -1.55812 	    0.50108
   1.25000 	   -1.55262 	    0.59916
   1.26000 	   -1.54614 	    0.69724
   1.27000 	   -1.53868 	    0.79530
   1.28000 	   -1.53023 	    0.89334
   1.29000 	   -1.52081 	    0.99133
   1.30000 	   -1.51041 	    1.08928
   1.31000 	   -1.49902 	    1.18717
   1.32000 	   -1.48666 	    1.28497
   1.33000 	   -1.47332 	    1.38266
   1.34000 	   -1.45901 	    1.48022
   1.35000 	   -1.44372 	    1.57762
   1.36000 	   -1.42746 	    1.67482
   1.37000 	   -1.41022 	    1.77179
   1.38000 	   -1.39202 	    1.86848
   1.39000 	   -1.37285 	    1.96484
   1.40000 	   -1.35272 	    2.06082
   1.41000 	   -1.33164 	    2.15636
   1.42000 	   -1.30960 	    2.25140
   1.43000 	   -1.28661 	    2.34587
   1.44000 	   -1.26268 	    2.43969
   1.45000 	   -1.23782 	    2.53279
   1.46000 	   -1.21202 	    2.62507
   1.47000 	   -1.18531 	    2.71645
   1.48000 	   -1.15769 	    2.80682
   1.49000 	   -1.12918 	    2.89609
   1.50000 	   -1.09977 	    2.98414
   1.51000 	   -1.06949 	    3.07087
   1.52000 	   -1.03836 	    3.15614
   1.53000 	   -1.00637 	    3.23984
   1.54000 	   -0.97356 	    3.32184
   1.55000 	   -0.93993 	    3.40201
   1.56000 	   -0.90552 	    3.48021
   1.57000 	   -0.87033 	    3.55630
   1.58000 	   -0.83439 	    3.63014
   1.59000 	   -0.79773 	    3.70159
   1.60000 	   -0.76036 	    3.77050
   1.61000 	   -0.72232 	    3.83674
   1.62000 	   -0.68363 	    3.90015
   1.63000 	   -0.64431 	    3.96059
   1.64000 	   -0.60441 	    4.01792
   1.65000 	   -0.56396 	    4.07202
   1.66000 	   -0.52297 	    4.12273
   1.67000 	   -0.48150 	    4.16995
   1.68000 	   -0.43957 	    4.21354
   1.69000 	   -0.39723 	    4.25339
   1.70000 	   -0.35451 	    4.28939
   1.71000 	   -0.31144 	    4.32145
   1.72000 	   -0.26808 	    4.34947
   1.73000 	   -0.22445 	    4.37338
   1.74000 	   -0.18061 	    4.39311
   1.75000 	   -0.13659 	    4.40860
   1.76000 	   -0.09244 	    4.41980
   1.77000 	   -0.04820 	    4.42669
   1.78000 	   -0.00390 	    4.42925
   1.79000 	    0.04039 	    4.42746
   1.80000 	    0.08464 	    4.42133
   1.81000 	    0.12882 	    4.41088
   1.82000 	    0.17286 	    4.39615
   1.83000 	    0.21674 	    4.37716
   1.84000 	    0.26041 	    4.35399
   1.85000 	    0.30382 	    4.32668
   1.86000 	    0.34694 	    4.29533
   1.87000 	    0.38973 	    4.26002
   1.88000 	    0.43214 	    4.22084
   1.89000 	    0.47414 	    4.17790
   1.90000 	    0.51570 	    4.13132
   1.91000 	    0.55677 	    4.08121
   1.92000 	    0.59732 	    4.02770
   1.93000 	    0.63732 	    3.97093
   1.94000 	    0.67674 	    3.91102
   1.95000 	    0.71554 	    3.84812
   1.96000 	    0.75370 	    3.78238
   1.97000 	    0.79119 	    3.71393
   1.98000 	    0.82798 	    3.64292
   1.99000 	    0.86405 	    3.56949
   2.00000 	    0.89937 	    3.49378
   2.01000 	    0.93392 	    3.41594
   2.02000 	    0.96769 	    3.33611
   2.03000 	    1.00065 	    3.25443
   2.04000 	    1.03278 	    3.17101
   2.05000 	    1.06407 	    3.08601
   2.06000 	    1.09450 	    2.99953
   2.07000 	    1.12406 	    2.91170
   2.08000 	    1.15273 	    2.82264
   2.09000 	    1.18051 	    2.73245
   2.10000 	    1.20738 	    2.64125
   2.11000 	    1.23334 	    2.54912
   2.12000 	    1.25836 	    2.45616
   2.13000 	    1.28246 	    2.36246
   2.14000 	    1.30561 	    2.26810
   2.15000 	    1.32782 	    2.17315
   2.16000 	    1.34908 	    2.07769
   2.17000 	    1.36937 	    1.98179
   2.18000 	    1.38871 	    1.88549
   2.19000 	    1.40708 	    1.78886
   2.20000 	    1.42449 	    1.69194
   2.21000 	    1.44092 	    1.59477
   2.22000 	    1.45638 	    1.49741
   2.23000 	    1.47087 	    1.39987
   2.24000 	    1.48438 	    1.30220
   2.25000 	    1.49691 	    1.20442
   2.26000 	    1.50847 	    1.10655
   2.27000 	    1.51905 	    1.00861
   2.28000 	    1.52864 	    0.91062
   2.29000 	    1.53726 	    0.81259
   2.30000 	    1.54489 	    0.71453
   2.31000 	    1.55155 	    0.61646
   2.32000 	    1.55722 	    0.51837
   2.33000 	    1.56192 	    0.42028
   2.34000 	    1.56563 	    0.32218
   2.35000 	    1.56836 	    0.22408
   2.36000 	    1.57011 	    0.12598
   2.37000 	    1.57088 	    0.02788
   2.38000 	    1.57067 	   -0.07022
   2.39000 	    1.56947 	   -0.16832
   2.40000 	    1.56730 	   -0.26642
   2.41000 	    1.56415 	   -0.36452
   2.42000 	    1.56001 	   -0.46261
   2.43000 	    1.55489 	   -0.56071
   2.44000 	    1.54880 	   -0.65879
   2.45000 	    1.54172 	   -0.75686
   2.46000 	    1.53366 	   -0.85490
   2.47000 	    1.52462 	   -0.95291
   2.48000 	    1.51460 	   -1.05088
   2.49000 	    1.50360 	   -1.14880
   2.50000 	    1.49163 	   -1.24663
   2.51000 	    1.47867 	   -1.34437
   2.52000 	    1.46474 	   -1.44199
   2.53000 	    1.44983 	   -1.53945
   2.54000 	    1.43395 	   -1.63674
   2.55000 	    1.41710 	   -1.73380
   2.56000 	    1.39927 	   -1.83060
   2.57000 	    1.38048 	   -1.92710
   2.58000 	    1.36073 	   -2.02323
   2.59000 	    1.34002 	   -2.11895
   2.60000 	    1.31835 	   -2.21420
   2.61000 	    1.29574 	   -2.30890
   2.62000 	    1.27217 	   -2.40299
   2.63000 	    1.24768 	   -2.49638
   2.64000 	    1.22225 	   -2.58899
   2.65000 	    1.19590 	   -2.68073
   2.66000 	    1.16863 	   -2.77151
   2.67000 	    1.14047 	   -2.86123
   2.68000 	    1.11141 	   -2.94977
   2.69000 	    1.08147 	   -3.03703
   2.70000 	    1.05067 	   -3.12288
   2.71000 	    1.01901 	   -3.20722
   2.72000 	    0.98652 	   -3.28990
   2.73000 	    0.95321 	   -3.37081
   2.74000 	    0.91911 	   -3.44979
   2.75000 	    0.88422 	   -3.52673
   2.76000 	    0.84857 	   -3.60147
   2.77000 	    0.81219 	   -3.67387
   2.78000 	    0.77509 	   -3.74380
   2.79000 	    0.73731 	   -3.81110
   2.80000 	    0.69887 	   -3.87563
   2.81000 	    0.65980 	   -3.93725
   2.82000 	    0.62013 	   -3.99582
   2.83000 	    0.57988 	   -4.05120
   2.84000 	    0.53910 	   -4.10326
   2.85000 	    0.49782 	   -4.15186
   2.86000 	    0.45607 	   -4.19689
   2.87000 	    0.41388 	   -4.23821
   2.88000 	    0.37130 	   -4.27574
   2.89000 	    0.32837 	   -4.30935
   2.90000 	    0.28511 	   -4.33897
   2.91000 	    0.24159 	   -4.36450
   2.92000 	    0.19782 	   -4.38587
   2.93000 	    0.15387 	   -4.40303
   2.94000 	    0.10976 	   -4.41592
   2.95000 	    0.06555 	   -4.42451
   2.96000 	    0.02127 	   -4.42876
   2.97000 	   -0.02302 	   -4.42868
   2.98000 	   -0.06730 	   -4.42425
   2.99000 	   -0.11151 	   -4.41549
   3.00000 	   -0.15561 	   -4.40243
   3.01000 	   -0.19956 	   -4.38511
   3.02000 	   -0.24331 	   -4.36357
   3.03000 	   -0.28683 	   -4.33787
   3.04000 	   -0.33007 	   -4.30810
   3.05000 	   -0.37299 	   -4.27433
   3.06000 	   -0.41556 	   -4.23665
   3.07000 	   -0.45772 	   -4.19518
   3.08000 	   -0.49946 	   -4.15001
   3.09000 	   -0.54072 	   -4.10127
   3.10000 	   -0.58148 	   -4.04908
   3.11000 	   -0.62171 	   -3.99357
   3.12000 	   -0.66136 	   -3.93487
   3.13000 	   -0.70040 	   -3.87313
   3.14000 	   -0.73882 	   -3.80849
   3.15000 	   -0.77657 	   -3.74108
   3.16000 	   -0.81364 	   -3.67106
   3.17000 	   -0.84999 	   -3.59856
   3.18000 	   -0.88561 	   -3.52373
   3.19000 	   -0.92047 	   -3.44671
   3.20000 	   -0.95455 	   -3.36764
   3.21000 	   -0.98782 	   -3.28667
   3.22000 	   -1.02028 	   -3.20392
   3.23000 	   -1.05190 	   -3.11952
   3.24000 	   -1.08267 	   -3.03361
   3.25000 	   -1.11257 	   -2.94629
   3.26000 	   -1.14160 	   -2.85770
   3.27000 	   -1.16973 	   -2.76794
   3.28000 	   -1.19695 	   -2.67712
   3.29000 	   -1.22327 	   -2.58534
   3.30000 	   -1.24866 	   -2.49270
   3.31000 	   -1.27312 	   -2.39928
   3.32000 	   -1.29665 	   -2.30517
   3.33000 	   -1.31923 	   -2.21044
   3.34000 	   -1.34086 	   -2.11518
   3.35000 	   -1.36153 	   -2.01944
   3.36000 	   -1.38124 	   -1.92329
   3.37000 	   -1.40000 	   -1.82678
   3.38000 	   -1.41778 	   -1.72997
   3.39000 	   -1.43459 	   -1.63290
   3.40000 	   -1.45044 	   -1.53561
   3.41000 	   -1.46531 	   -1.43813
   3.42000 	   -1.47920 	   -1.34051
   3.43000 	   -1.49212 	   -1.24277
   3.44000 	   -1.50406 	   -1.14493
   3.45000 	   -1.51502 	   -1.04701
   3.46000 	   -1.52500 	   -0.94904
   3.47000 	   -1.53400 	   -0.85103
   3.48000 	   -1.54202 	   -0.75298
   3.49000 	   -1.54906 	   -0.65491
   3.50000 	   -1.55512 	   -0.55683
   3.51000 	   -1.56019 	   -0.45874
   3.52000 	   -1.56429 	   -0.36064
   3.53000 	   -1.56741 	   -0.26254
   3.54000 	   -1.56954 	   -0.16444
   3.55000 	   -1.57069 	   -0.06634
   3.56000 	   -1.57087 	    0.03176
   3.57000 	   -1.57006 	    0.12986
   3.58000 	   -1.56827 	    0.22796
   3.59000 	   -1.56550 	    0.32605
   3.60000 	   -1.56175 	    0.42415
   3.61000 	   -1.55702 	    0.52225
   3.62000 	   -1.55130 	    0.62033
   3.63000 	   -1.54461 	    0.71841
   3.64000 	   -1.53694 	    0.81646
   3.65000 	   -1.52828 	    0.91449
   3.66000 	   -1.51865 	    1.01248
   3.67000 	   -1.50803 	    1.11041
   3.68000 	   -1.49644 	    1.20828
   3.69000 	   -1.48387 	    1.30606
   3.70000 	   -1.47032 	    1.40373
   3.71000 	   -1.45579 	    1.50126
   3.72000 	   -1.44029 	    1.59862
   3.73000 	   -1.42382 	    1.69577
   3.74000 	   -1.40638 	    1.79268
   3.75000 	   -1.38797 	    1.88930
   3.76000 	   -1.36859 	    1.98558
   3.77000 	   -1.34825 	    2.08147
   3.78000 	   -1.32696 	    2.17691
   3.79000 	   -1.30472 	    2.27184
   3.80000 	   -1.28152 	    2.36617
   3.81000 	   -1.25739 	    2.45985
   3.82000 	   -1.23233 	    2.55277
   3.83000 	   -1.20634 	    2.64487
   3.84000 	   -1.17943 	    2.73604
   3.85000 	   -1.15162 	    2.82618
   3.86000 	   -1.12291 	    2.91520
   3.87000 	   -1.09331 	    3.00297
   3.88000 	   -1.06285 	    3.08940
   3.89000 	   -1.03152 	    3.17434
   3.90000 	   -0.99936 	    3.25769
   3.91000 	   -0.96637 	    3.33930
   3.92000 	   -0.93257 	    3.41906
   3.93000 	   -0.89799 	    3.49681
   3.94000 	   -0.86264 	    3.57243
   3.95000 	   -0.82654 	    3.64577
   3.96000 	   -0.78972 	    3.71668
   3.97000 	   -0.75221 	    3.78503
   3.98000 	   -0.71402 	    3.85067
   3.99000 	   -0.67519 	    3.91345
   4.00000 	   -0.63575 	    3.97323
   4.01000 	   -0.59573 	    4.02988
   4.02000 	   -0.55516 	    4.08325
   4.03000 	   -0.51406 	    4.13322
   4.04000 	   -0.47249 	    4.17967
   4.05000 	   -0.43047 	    4.22246
   4.06000 	   -0.38804 	    4.26149
   4.07000 	   -0.34524 	    4.29664
   4.08000 	   -0.30211 	    4.32784
   4.09000 	   -0.25868 	    4.35498
   4.10000 	   -0.21501 	    4.37799
   4.11000 	   -0.17112 	    4.39681
   4.12000 	   -0.12707 	    4.41138
   4.13000 	   -0.08290 	    4.42166
   4.14000 	   -0.03864 	    4.42761
   4.15000 	    0.00566 	    4.42923
   4.16000 	    0.04994 	    4.42650
   4.17000 	    0.09419 	    4.41944
   4.18000 	    0.13833 	    4.40807
   4.19000 	    0.18235 	    4.39241
   4.20000 	    0.22618 	    4.37251
   4.21000 	    0.26980 	    4.34844
   4.22000 	    0.31315 	    4.32026
   4.23000 	    0.35620 	    4.28804
   4.24000 	    0.39891 	    4.25188
   4.25000 	    0.44124 	    4.21189
   4.26000 	    0.48315 	    4.16815
   4.27000 	    0.52460 	    4.12080
   4.28000 	    0.56557 	    4.06994
   4.29000 	    0.60600 	    4.01572
   4.30000 	    0.64588 	    3.95826
   4.31000 	    0.68517 	    3.89770
   4.32000 	    0.72383 	    3.83417
   4.33000 	    0.76185 	    3.76783
   4.34000 	    0.79919 	    3.69882
   4.35000 	    0.83583 	    3.62727
   4.36000 	    0.87174 	    3.55334
   4.37000 	    0.90689 	    3.47716
   4.38000 	    0.94128 	    3.39888
   4.39000 	    0.97487 	    3.31864
   4.40000 	    1.00765 	    3.23657
   4.41000 	    1.03960 	    3.15280
   4.42000 	    1.07071 	    3.06747
   4.43000 	    1.10095 	    2.98069
   4.44000 	    1.13032 	    2.89258
   4.45000 	    1.15880 	    2.80327
   4.46000 	    1.18639 	    2.71285
   4.47000 	    1.21306 	    2.62144
   4.48000 	    1.23882 	    2.52912
   4.49000 	    1.26364 	    2.43600
   4.50000 	    1.28754 	    2.34215
   4.51000 	    1.31049 	    2.24765
   4.52000 	    1.33249 	    2.15259
   4.53000 	    1.35354 	    2.05703
   4.54000 	    1.37363 	    1.96104
   4.55000 	    1.39276 	    1.86466
   4.56000 	    1.41092 	    1.76796
   4.57000 	    1.42812 	    1.67099
   4.58000 	    1.44434 	    1.57378
   4.59000 	    1.45959 	    1.47637
   4.60000 	    1.47387 	    1.37880
   4.61000 	    1.48717 	    1.28111
   4.62000 	    1.49949 	    1.18330
   4.63000 	    1.51084 	    1.08541
   4.64000 	    1.52120 	    0.98746
   4.65000 	    1.53058 	    0.88946
   4.66000 	    1.53899 	    0.79143
   4.67000 	    1.54641 	    0.69337
   4.68000 	    1.55286 	    0.59529
   4.69000 	    1.55832 	    0.49720
   4.70000 	    1.56280 	    0.39911
   4.71000 	    1.56630 	    0.30101
   4.72000 	    1.56882 	    0.20291
   4.73000 	    1.57036 	    0.10481
   4.74000 	    1.57092 	    0.00671
   4.75000 	    1.57049 	   -0.09139
   4.76000 	    1.56909 	   -0.18949
   4.77000 	    1.56670 	   -0.28759
   4.78000 	    1.56334 	   -0.38569
   4.79000 	    1.55899 	   -0.48378
   4.80000 	    1.55366 	   -0.58187
   4.81000 	    1.54735 	   -0.67995
   4.82000 	    1.54006 	   -0.77802
   4.83000 	    1.53179 	   -0.87606
   4.84000 	    1.52254 	   -0.97406
   4.85000 	    1.51231 	   -1.07202
   4.86000 	    1.50110 	   -1.16992
   4.87000 	    1.48891 	   -1.26773
   4.88000 	    1.47575 	   -1.36545
   4.89000 	    1.46160 	   -1.46303
   4.90000 	    1.44649 	   -1.56046
   4.91000 	    1.43039 	   -1.65770
   4.92000 	    1.41333 	   -1.75471
   4.93000 	    1.39530 	   -1.85145
   4.94000 	    1.37630 	   -1.94787
   4.95000 	    1.35634 	   -2.04393
   4.96000 	    1.33542 	   -2.13955
   4.97000 	    1.31355 	   -2.23468
   4.98000 	    1.29073 	   -2.32926
   4.99000 	    1.26697 	   -2.42320
   5.00000 	    1.24227 	   -2.51643
   5.01000 	    1.21664 	   -2.60886
   5.02000 	    1.19009 	   -2.70041
   5.03000 	    1.16263 	   -2.79097
   5.04000 	    1.13427 	   -2.88044
   5.05000 	    1.10502 	   -2.96871
   5.06000 	    1.07490 	   -3.05568
   5.07000 	    1.04391 	   -3.14122
   5.08000 	    1.01207 	   -3.22521
   5.09000 	    0.97940 	   -3.30752
   5.10000 	    0.94592 	   -3.38802
   5.11000 	    0.91164 	   -3.46657
   5.12000 	    0.87659 	   -3.54305
   5.13000 	    0.84078 	   -3.61729
   5.14000 	    0.80424 	   -3.68918
   5.15000 	    0.76700 	   -3.75855
   5.16000 	    0.72907 	   -3.82526
   5.17000 	    0.69049 	   -3.88918
   5.18000 	    0.65129 	   -3.95015
   5.19000 	    0.61149 	   -4.00805
   5.20000 	    0.57113 	   -4.06272
   5.21000 	    0.53024 	   -4.11404
   5.22000 	    0.48885 	   -4.16188
   5.23000 	    0.44700 	   -4.20612
   5.24000 	    0.40472 	   -4.24664
   5.25000 	    0.36206 	   -4.28333
   5.26000 	    0.31906 	   -4.31609
   5.27000 	    0.27574 	   -4.34483
   5.28000 	    0.23216 	   -4.36947
   5.29000 	    0.18835 	   -4.38994
   5.30000 	    0.14436 	   -4.40618
   5.31000 	    0.10023 	   -4.41814
   5.32000 	    0.05600 	   -4.42579
   5.33000 	    0.01171 	   -4.42911
   5.34000 	   -0.03258 	   -4.42809
   5.35000 	   -0.07685 	   -4.42273
   5.36000 	   -0.12104 	   -4.41304
   5.37000 	   -0.16511 	   -4.39905
   5.38000 	   -0.20902 	   -4.38082
   5.39000 	   -0.25272 	   -4.35837
   5.40000 	   -0.29619 	   -4.33179
   5.41000 	   -0.33936 	   -4.30115
   5.42000 	   -0.38221 	   -4.26653
   5.43000 	   -0.42469 	   -4.22802
   5.44000 	   -0.46677 	   -4.18574
   5.45000 	   -0.50841 	   -4.13979
   5.46000 	   -0.54956 	   -4.09029
   5.47000 	   -0.59021 	   -4.03737
   5.48000 	   -0.63031 	   -3.98117
   5.49000 	   -0.66983 	   -3.92180
   5.50000 	   -0.70875 	   -3.85942
   5.51000 	   -0.74702 	   -3.79417
   5.52000 	   -0.78463 	   -3.72619
   5.53000 	   -0.82155 	   -3.65561
   5.54000 	   -0.85774 	   -3.58260
   5.55000 	   -0.89320 	   -3.50729
   5.56000 	   -0.92789 	   -3.42982
   5.57000 	   -0.96180 	   -3.35033
   5.58000 	   -0.99490 	   -3.26896
   5.59000 	   -1.02717 	   -3.18584
   5.60000 	   -1.05861 	   -3.10110
   5.61000 	   -1.08920 	   -3.01488
   5.62000 	   -1.11891 	   -2.92728
   5.63000 	   -1.14774 	   -2.83843
   5.64000 	   -1.17568 	   -2.74843
   5.65000 	   -1.20271 	   -2.65740
   5.66000 	   -1.22883 	   -2.56542
   5.67000 	   -1.25402 	   -2.47260
   5.68000 	   -1.27828 	   -2.37903
   5.69000 	   -1.30160 	   -2.28478
   5.70000 	   -1.32397 	   -2.18993
   5.71000 	   -1.34540 	   -2.09456
   5.72000 	   -1.36587 	   -1.99872
   5.73000 	   -1.38537 	   -1.90249
   5.74000 	   -1.40392 	   -1.80591
   5.75000 	   -1.42149 	   -1.70904
   5.76000 	   -1.43810 	   -1.61192
   5.77000 	   -1.45373 	   -1.51458
   5.78000 	   -1.46839 	   -1.41708
   5.79000 	   -1.48207 	   -1.31943
   5.80000 	   -1.49478 	   -1.22166
   5.81000 	   -1.50650 	   -1.12380
   5.82000 	   -1.51725 	   -1.02588
   5.83000 	   -1.52702 	   -0.92789
   5.84000 	   -1.53581 	   -0.82987
   5.85000 	   -1.54362 	   -0.73182
   5.86000 	   -1.55045 	   -0.63375
   5.87000 	   -1.55629 	   -0.53566
   5.88000 	   -1.56116 	   -0.43757
   5.89000 	   -1.56505 	   -0.33947
   5.90000 	   -1.56795 	   -0.24137
   5.91000 	   -1.56987 	   -0.14327
   5.92000 	   -1.57081 	   -0.04517
   5.93000 	   -1.57078 	    0.05293
   5.94000 	   -1.56976 	    0.15103
   5.95000 	   -1.56776 	    0.24913
   5.96000 	   -1.56477 	    0.34722
   5.97000 	   -1.56081 	    0.44532
   5.98000 	   -1.55587 	    0.54341
   5.99000 	   -1.54994 	    0.64150
   6.00000 	   -1.54304 	    0.73957
   6.01000 	   -1.53515 	    0.83762
   6.02000 	   -1.52629 	    0.93564
   6.03000 	   -1.51644 	    1.03362
   6.04000 	   -1.50561 	    1.13154
   6.05000 	   -1.49381 	    1.22939
   6.06000 	   -1.48103 	    1.32715
   6.07000 	   -1.46727 	    1.42479
   6.08000 	   -1.45253 	    1.52228
   6.09000 	   -1.43682 	    1.61960
   6.10000 	   -1.42014 	    1.71671
   6.11000 	   -1.40249 	    1.81356
   6.12000 	   -1.38387 	    1.91011
   6.13000 	   -1.36428 	    2.00631
   6.14000 	   -1.34374 	    2.10211
   6.15000 	   -1.32224 	    2.19744
   6.16000 	   -1.29979 	    2.29225
   6.17000 	   -1.27640 	    2.38645
   6.18000 	   -1.25206 	    2.47997
   6.19000 	   -1.22680 	    2.57272
   6.20000 	   -1.20061 	    2.66463
   6.21000 	   -1.17350 	    2.75558
   6.22000 	   -1.14550 	    2.84549
   6.23000 	   -1.11659 	    2.93425
   6.24000 	   -1.08681 	    3.02174
   6.25000 	   -1.05616 	    3.10786
   6.26000 	   -1.02465 	    3.19247
   6.27000 	   -0.99231 	    3.27545
   6.28000 	   -0.95914 	    3.35668
   6.29000 	   -0.92518 	    3.43601
   6.30000 	   -0.89042 	    3.51332
   6.31000 	   -0.85491 	    3.58846
   6.32000 	   -0.81866 	    3.66128
   6.33000 	   -0.78168 	    3.73165
   6.34000 	   -0.74402 	    3.79943
   6.35000 	   -0.70570 	    3.86446
   6.36000 	   -0.66673 	    3.92661
   6.37000 	   -0.62716 	    3.98572
   6.38000 	   -0.58702 	    4.04168
   6.39000 	   -0.54633 	    4.09433
   6.40000 	   -0.50513 	    4.14355
   6.41000 	   -0.46346 	    4.18921
   6.42000 	   -0.42135 	    4.23120
   6.43000 	   -0.37884 	    4.26940
   6.44000 	   -0.33596 	    4.30371
   6.45000 	   -0.29276 	    4.33404
   6.46000 	   -0.24928 	    4.36030
   6.47000 	   -0.20555 	    4.38241
   6.48000 	   -0.16163 	    4.40032
   6.49000 	   -0.11755 	    4.41396
   6.50000 	   -0.07335 	    4.42331
   6.51000 	   -0.02908 	    4.42833
   6.52000 	    0.01522 	    4.42901
   6.53000 	    0.05950 	    4.42535
   6.54000 	    0.10372 	    4.41735
   6.55000 	    0.14784 	    4.40505
   6.56000 	    0.19182 	    4.38847
   6.57000 	    0.23561 	    4.36767
   6.58000 	    0.27918 	    4.34270
   6.59000 	    0.32247 	    4.31364
   6.60000 	    0.36545 	    4.28057
   6.61000 	    0.40808 	    4.24357
   6.62000 	    0.45032 	    4.20276
   6.63000 	    0.49213 	    4.15823
   6.64000 	    0.53349 	    4.11011
   6.65000 	    0.57434 	    4.05852
   6.66000 	    0.61466 	    4.00359
   6.67000 	    0.65441 	    3.94545
   6.68000 	    0.69356 	    3.88423
   6.69000 	    0.73209 	    3.82009
   6.70000 	    0.76997 	    3.75316
   6.71000 	    0.80716 	    3.68358
   6.72000 	    0.84364 	    3.61151
   6.73000 	    0.87939 	    3.53708
   6.74000 	    0.91438 	    3.46044
   6.75000 	    0.94860 	    3.38173
   6.76000 	    0.98201 	    3.30108
   6.77000 	    1.01462 	    3.21863
   6.78000 	    1.04639 	    3.13451
   6.79000 	    1.07731 	    3.04886
   6.80000 	    1.10736 	    2.96178
   6.81000 	    1.13654 	    2.87341
   6.82000 	    1.16483 	    2.78385
   6.83000 	    1.19222 	    2.69321
   6.84000 	    1.21870 	    2.60159
   6.85000 	    1.24425 	    2.50909
   6.86000 	    1.26888 	    2.41580
   6.87000 	    1.29257 	    2.32181
   6.88000 	    1.31531 	    2.22719
   6.89000 	    1.33711 	    2.13201
   6.90000 	    1.35795 	    2.03635
   6.91000 	    1.37784 	    1.94027
   6.92000 	    1.39676 	    1.84382
   6.93000 	    1.41472 	    1.74706
   6.94000 	    1.43170 	    1.65003
   6.95000 	    1.44772 	    1.55277
   6.96000 	    1.46276 	    1.45533
   6.97000 	    1.47682 	    1.35773
   6.98000 	    1.48991 	    1.26001
   6.99000 	    1.50202 	    1.16218
   7.00000 	    1.51315 	    1.06428
   7.01000 	    1.52331 	    0.96632
   7.02000 	    1.53248 	    0.86831
   7.03000 	    1.54067 	    0.77027
   7.04000 	    1.54789 	    0.67220
   7.05000 	    1.55412 	    0.57412
   7.06000 	    1.55937 	    0.47603
   7.07000 	    1.56364 	    0.37794
   7.08000 	    1.56693 	    0.27984
   7.09000 	    1.56924 	    0.18174
   7.10000 	    1.57056 	    0.08364
   7.11000 	    1.57091 	   -0.01446
   7.12000 	    1.57027 	   -0.11256
   7.13000 	    1.56866 	   -0.21066
   7.14000 	    1.56606 	   -0.30876
   7.15000 	    1.56248 	   -0.40686
   7.16000 	    1.55792 	   -0.50495
   7.17000 	    1.55238 	   -0.60304
   7.18000 	    1.54586 	   -0.70112
   7.19000 	    1.53836 	   -0.79918
   7.20000 	    1.52988 	   -0.89721
   7.21000 	    1.52042 	   -0.99521
   7.22000 	    1.50997 	   -1.09315
   7.23000 	    1.49855 	   -1.19103
   7.24000 	    1.48615 	   -1.28883
   7.25000 	    1.47278 	   -1.38652
   7.26000 	    1.45842 	   -1.48407
   7.27000 	    1.44310 	   -1.58147
   7.28000 	    1.42679 	   -1.67866
   7.29000 	    1.40952 	   -1.77561
   7.30000 	    1.39128 	   -1.87229
   7.31000 	    1.37208 	   -1.96864
   7.32000 	    1.35191 	   -2.06460
   7.33000 	    1.33078 	   -2.16012
   7.34000 	    1.30871 	   -2.25514
   7.35000 	    1.28568 	   -2.34959
   7.36000 	    1.26171 	   -2.44338
   7.37000 	    1.23681 	   -2.53645
   7.38000 	    1.21099 	   -2.62870
   7.39000 	    1.18424 	   -2.72004
   7.40000 	    1.15659 	   -2.81037
   7.41000 	    1.12803 	   -2.89959
   7.42000 	    1.09859 	   -2.98759
   7.43000 	    1.06828 	   -3.07426
   7.44000 	    1.03711 	   -3.15948
   7.45000 	    1.00509 	   -3.24312
   7.46000 	    0.97225 	   -3.32505
   7.47000 	    0.93859 	   -3.40514
   7.48000 	    0.90414 	   -3.48326
   7.49000 	    0.86892 	   -3.55926
   7.50000 	    0.83296 	   -3.63301
   7.51000 	    0.79626 	   -3.70436
   7.52000 	    0.75887 	   -3.77317
   7.53000 	    0.72080 	   -3.83930
   7.54000 	    0.68208 	   -3.90259
   7.55000 	    0.64275 	   -3.96291
   7.56000 	    0.60283 	   -4.02012
   7.57000 	    0.56235 	   -4.07409
   7.58000 	    0.52134 	   -4.12467
   7.59000 	    0.47985 	   -4.17174
   7.60000 	    0.43791 	   -4.21518
   7.61000 	    0.39555 	   -4.25488
   7.62000 	    0.35281 	   -4.29073
   7.63000 	    0.30974 	   -4.32263
   7.64000 	    0.26636 	   -4.35049
   7.65000 	    0.22273 	   -4.37424
   7.66000 	    0.17887 	   -4.39380
   7.67000 	    0.13485 	   -4.40912
   7.68000 	    0.09069 	   -4.42016
   7.69000 	    0.04645 	   -4.42688
   7.70000 	    0.00215 	   -4.42926
   7.71000 	   -0.04214 	   -4.42730
   7.72000 	   -0.08639 	   -4.42100
   7.73000 	   -0.13056 	   -4.41038
   7.74000 	   -0.17460 	   -4.39548
   7.75000 	   -0.21847 	   -4.37633
   7.76000 	   -0.26213 	   -4.35298
   7.77000 	   -0.30553 	   -4.32552
   7.78000 	   -0.34864 	   -4.29401
   7.79000 	   -0.39141 	   -4.25854
   7.80000 	   -0.43381 	   -4.21921
   7.81000 	   -0.47579 	   -4.17613
   7.82000 	   -0.51733 	   -4.12940
   7.83000 	   -0.55838 	   -4.07916
   7.84000 	   -0.59891 	   -4.02552
   7.85000 	   -0.63889 	   -3.96862
   7.86000 	   -0.67828 	   -3.90859
   7.87000 	   -0.71706 	   -3.84558
   7.88000 	   -0.75520 	   -3.77973
   7.89000 	   -0.79266 	   -3.71117
   7.90000 	   -0.82942 	   -3.64006
   7.91000 	   -0.86546 	   -3.56654
   7.92000 	   -0.90075 	   -3.49075
   7.93000 	   -0.93527 	   -3.41283
   7.94000 	   -0.96901 	   -3.33292
   7.95000 	   -1.00193 	   -3.25116
   7.96000 	   -1.03403 	   -3.16768
   7.97000 	   -1.06529 	   -3.08262
   7.98000 	   -1.09568 	   -2.99609
   7.99000 	   -1.12521 	   -2.90821
   8.00000 	   -1.15385 	   -2.81910
   8.01000 	   -1.18159 	   -2.72887
   8.02000 	   -1.20842 	   -2.63762
   8.03000 	   -1.23434 	   -2.54546
   8.04000 	   -1.25933 	   -2.45247
   8.05000 	   -1.28339 	   -2.35874
   8.06000 	   -1.30651 	   -2.26436
   8.07000 	   -1.32868 	   -2.16939
   8.08000 	   -1.34990 	   -2.07391
   8.09000 	   -1.37016 	   -1.97799
   8.10000 	   -1.38946 	   -1.88168
   8.11000 	   -1.40779 	   -1.78503
   8.12000 	   -1.42516 	   -1.68810
   8.13000 	   -1.44155 	   -1.59093
   8.14000 	   -1.45698 	   -1.49356
   8.15000 	   -1.47142 	   -1.39601
   8.16000 	   -1.48490 	   -1.29834
   8.17000 	   -1.49739 	   -1.20055
   8.18000 	   -1.50891 	   -1.10268
   8.19000 	   -1.51944 	   -1.00474
   8.20000 	   -1.52900 	   -0.90674
   8.21000 	   -1.53758 	   -0.80871
   8.22000 	   -1.54518 	   -0.71066
   8.23000 	   -1.55179 	   -0.61258
   8.24000 	   -1.55743 	   -0.51449
   8.25000 	   -1.56208 	   -0.41640
   8.26000 	   -1.56575 	   -0.31830
   8.27000 	   -1.56845 	   -0.22020
   8.28000 	   -1.57016 	   -0.12210
   8.29000 	   -1.57089 	   -0.02400
   8.30000 	   -1.57064 	    0.07410
   8.31000 	   -1.56941 	    0.17220
   8.32000 	   -1.56720 	    0.27030
   8.33000 	   -1.56400 	    0.36839
   8.34000 	   -1.55983 	    0.46649
   8.35000 	   -1.55467 	    0.56458
   8.36000 	   -1.54854 	    0.66266
   8.37000 	   -1.54142 	    0.76073
   8.38000 	   -1.53332 	    0.85877
   8.39000 	   -1.52424 	    0.95679
   8.40000 	   -1.51419 	    1.05475
   8.41000 	   -1.50315 	    1.15266
   8.42000 	   -1.49113 	    1.25050
   8.43000 	   -1.47814 	    1.34823
   8.44000 	   -1.46417 	    1.44584
   8.45000 	   -1.44922 	    1.54330
   8.46000 	   -1.43330 	    1.64058
   8.47000 	   -1.41641 	    1.73763
   8.48000 	   -1.39855 	    1.83442
   8.49000 	   -1.37972 	    1.93090
   8.50000 	   -1.35993 	    2.02702
   8.51000 	   -1.33918 	    2.12273
   8.52000 	   -1.31748 	    2.21795
   8.53000 	   -1.29482 	    2.31263
   8.54000 	   -1.27122 	    2.40669
   8.55000 	   -1.24669 	    2.50005
   8.56000 	   -1.22122 	    2.59263
   8.57000 	   -1.19484 	    2.68434
   8.58000 	   -1.16754 	    2.77508
   8.59000 	   -1.13933 	    2.86475
   8.60000 	   -1.11024 	    2.95324
   8.61000 	   -1.08027 	    3.04045
   8.62000 	   -1.04943 	    3.12625
   8.63000 	   -1.01774 	    3.21052
   8.64000 	   -0.98522 	    3.29313
   8.65000 	   -0.95188 	    3.37396
   8.66000 	   -0.91774 	    3.45287
   8.67000 	   -0.88282 	    3.52972
   8.68000 	   -0.84715 	    3.60437
   8.69000 	   -0.81074 	    3.67668
   8.70000 	   -0.77361 	    3.74651
   8.71000 	   -0.73581 	    3.81370
   8.72000 	   -0.69734 	    3.87812
   8.73000 	   -0.65824 	    3.93962
   8.74000 	   -0.61855 	    3.99807
   8.75000 	   -0.57828 	    4.05332
   8.76000 	   -0.53748 	    4.10525
   8.77000 	   -0.49618 	    4.15371
   8.78000 	   -0.45441 	    4.19859
   8.79000 	   -0.41221 	    4.23977
   8.80000 	   -0.36961 	    4.27714
   8.81000 	   -0.32666 	    4.31060
   8.82000 	   -0.28340 	    4.34005
   8.83000 	   -0.23986 	    4.36542
   8.84000 	   -0.19609 	    4.38663
   8.85000 	   -0.15213 	    4.40362
   8.86000 	   -0.10802 	    4.41634
   8.87000 	   -0.06380 	    4.42476
   8.88000 	   -0.01952 	    4.42884
   8.89000 	    0.02477 	    4.42859
   8.90000 	    0.06905 	    4.42399
   8.91000 	    0.11325 	    4.41506
   8.92000 	    0.15735 	    4.40183
   8.93000 	    0.20129 	    4.38434
   8.94000 	    0.24504 	    4.36263
   8.95000 	    0.28854 	    4.33678
   8.96000 	    0.33177 	    4.30684
   8.97000 	    0.37468 	    4.27291
   8.98000 	    0.41723 	    4.23509
   8.99000 	    0.45938 	    4.19346
   9.00000 	    0.50110 	    4.14815
   9.01000 	    0.54234 	    4.09927
   9.02000 	    0.58308 	    4.04695
   9.03000 	    0.62328 	    3.99131
   9.04000 	    0.66291 	    3.93249
   9.05000 	    0.70193 	    3.87063
   9.06000 	    0.74032 	    3.80588
   9.07000 	    0.77805 	    3.73836
   9.08000 	    0.81509 	    3.66824
   9.09000 	    0.85142 	    3.59564
   9.10000 	    0.88700 	    3.52072
   9.11000 	    0.92183 	    3.44362
   9.12000 	    0.95588 	    3.36448
   9.13000 	    0.98912 	    3.28343
   9.14000 	    1.02154 	    3.20061
   9.15000 	    1.05313 	    3.11615
   9.16000 	    1.08387 	    3.03018
   9.17000 	    1.11374 	    2.94282
   9.18000 	    1.14272 	    2.85418
   9.19000 	    1.17082 	    2.76438
   9.20000 	    1.19801 	    2.67352
   9.21000 	    1.22429 	    2.58170
   9.22000 	    1.24965 	    2.48902
   9.23000 	    1.27407 	    2.39557
   9.24000 	    1.29756 	    2.30144
   9.25000 	    1.32010 	    2.20669
   9.26000 	    1.34169 	    2.11141
   9.27000 	    1.36233 	    2.01565
   9.28000 	    1.38200 	    1.91948
   9.29000 	    1.40072 	    1.82296
   9.30000 	    1.41846 	    1.72614
   9.31000 	    1.43524 	    1.62906
   9.32000 	    1.45104 	    1.53176
   9.33000 	    1.46587 	    1.43428
   9.34000 	    1.47973 	    1.33665
   9.35000 	    1.49261 	    1.23890
   9.36000 	    1.50451 	    1.14106
   9.37000 	    1.51543 	    1.04314
   9.38000 	    1.52537 	    0.94517
   9.39000 	    1.53433 	    0.84715
   9.40000 	    1.54231 	    0.74911
   9.41000 	    1.54931 	    0.65104
   9.42000 	    1.55533 	    0.55295
   9.43000 	    1.56037 	    0.45486
   9.44000 	    1.56443 	    0.35677
   9.45000 	    1.56751 	    0.25867
   9.46000 	    1.56960 	    0.16057
   9.47000 	    1.57072 	    0.06247
   9.48000 	    1.57085 	   -0.03563
   9.49000 	    1.57001 	   -0.13373
   9.50000 	    1.56818 	   -0.23183
   9.51000 	    1.56537 	   -0.32993
   9.52000 	    1.56158 	   -0.42803
   9.53000 	    1.55681 	   -0.52612
   9.54000 	    1.55106 	   -0.62421
   9.55000 	    1.54433 	   -0.72228
   9.56000 	    1.53661 	   -0.82033
   9.57000 	    1.52792 	   -0.91836
   9.58000 	    1.51825 	   -1.01635
   9.59000 	    1.50759 	   -1.11428
   9.60000 	    1.49596 	   -1.21215
   9.61000 	    1.48335 	   -1.30992
   9.62000 	    1.46976 	   -1.40758
   9.63000 	    1.45520 	   -1.50511
   9.64000 	    1.43966 	   -1.60246
   9.65000 	    1.42315 	   -1.69960
   9.66000 	    1.40567 	   -1.79650
   9.67000 	    1.38722 	   -1.89311
   9.68000 	    1.36781 	   -1.98938
   9.69000 	    1.34743 	   -2.08525
   9.70000 	    1.32610 	   -2.18067
   9.71000 	    1.30382 	   -2.27558
   9.72000 	    1.28059 	   -2.36989
   9.73000 	    1.25642 	   -2.46353
   9.74000 	    1.23132 	   -2.55643
   9.75000 	    1.20529 	   -2.64849
   9.76000 	    1.17835 	   -2.73962
   9.77000 	    1.15050 	   -2.82972
   9.78000 	    1.12175 	   -2.91869
   9.79000 	    1.09213 	   -3.00642
   9.80000 	    1.06163 	   -3.09278
   9.81000 	    1.03027 	   -3.17767
   9.82000 	    0.99807 	   -3.26095
   9.83000 	    0.96505 	   -3.34249
   9.84000 	    0.93122 	   -3.42217
   9.85000 	    0.89661 	   -3.49984
   9.86000 	    0.86123 	   -3.57537
   9.87000 	    0.82510 	   -3.64862
   9.88000 	    0.78825 	   -3.71943
   9.89000 	    0.75071 	   -3.78768
   9.90000 	    0.71250 	   -3.85320
   9.91000 	    0.67365 	   -3.91587
   9.92000 	    0.63418 	   -3.97553
   9.93000 	    0.59414 	   -4.03205
   9.94000 	    0.55354 	   -4.08529
   9.95000 	    0.51243 	   -4.13513
   9.96000 	    0.47084 	   -4.18143
   9.97000 	    0.42880 	   -4.22407
   9.98000 	    0.38636 	   -4.26295
   9.99000 	    0.34354 	   -4.29795
  10.00000 	    0.30040 	   -4.32899
  10.01000 	    0.25696 	   -4.35597
  10.02000 	    0.21328 	   -4.37882
  10.03000 	    0.16939 	   -4.39747
  10.04000 	    0.12533 	   -4.41187
  10.05000 	    0.08115 	   -4.42197
  10.06000 	    0.03689 	   -4.42776
  10.07000 	   -0.00741 	   -4.42921
  10.08000 	   -0.05169 	   -4.42631
  10.09000 	   -0.09593 	   -4.41907
  10.10000 	   -0.14008 	   -4.40753
  10.11000 	   -0.18408 	   -4.39170
  10.12000 	   -0.22791 	   -4.37164
  10.13000 	   -0.27152 	   -4.34740
  10.14000 	   -0.31486 	   -4.31906
  10.15000 	   -0.35790 	   -4.28669
  10.16000 	   -0.40059 	   -4.25038
  10.17000 	   -0.44290 	   -4.21023
  10.18000 	   -0.48480 	   -4.16635
  10.19000 	   -0.52623 	   -4.11885
  10.20000 	   -0.56717 	   -4.06786
  10.21000 	   -0.60759 	   -4.01351
  10.22000 	   -0.64744 	   -3.95592
  10.23000 	   -0.68671 	   -3.89524
  10.24000 	   -0.72535 	   -3.83160
  10.25000 	   -0.76334 	   -3.76515
  10.26000 	   -0.80065 	   -3.69604
  10.27000 	   -0.83726 	   -3.62439
  10.28000 	   -0.87314 	   -3.55037
  10.29000 	   -0.90827 	   -3.47411
  10.30000 	   -0.94262 	   -3.39575
  10.31000 	   -0.97618 	   -3.31543
  10.32000 	   -1.00893 	   -3.23329
  10.33000 	   -1.04085 	   -3.14946
  10.34000 	   -1.07192 	   -3.06406
  10.35000 	   -1.10213 	   -2.97723
  10.36000 	   -1.13146 	   -2.88908
  10.37000 	   -1.15991 	   -2.79972
  10.38000 	   -1.18746 	   -2.70926
  10.39000 	   -1.21410 	   -2.61781
  10.40000 	   -1.23981 	   -2.52546
  10.41000 	   -1.26460 	   -2.43230
  10.42000 	   -1.28846 	   -2.33843
  10.43000 	   -1.31137 	   -2.24391
  10.44000 	   -1.33334 	   -2.14883
  10.45000 	   -1.35435 	   -2.05325
  10.46000 	   -1.37440 	   -1.95723
  10.47000 	   -1.39349 	   -1.86085
  10.48000 	   -1.41162 	   -1.76414
  10.49000 	   -1.42878 	   -1.66715
  10.50000 	   -1.44496 	   -1.56993
  10.51000 	   -1.46018 	   -1.47252
  10.52000 	   -1.47441 	   -1.37495
  10.53000 	   -1.48767 	   -1.27724
  10.54000 	   -1.49996 	   -1.17944
  10.55000 	   -1.51126 	   -1.08155
  10.56000 	   -1.52159 	   -0.98359
  10.57000 	   -1.53094 	   -0.88559
  10.58000 	   -1.53930 	   -0.78755
  10.59000 	   -1.54669 	   -0.68949
  10.60000 	   -1.55309 	   -0.59141
  10.61000 	   -1.55851 	   -0.49333
  10.62000 	   -1.56296 	   -0.39523
  10.63000 	   -1.56642 	   -0.29713
  10.64000 	   -1.56890 	   -0.19903
  10.65000 	   -1.57040 	   -0.10093
  10.66000 	   -1.57092 	   -0.00283
  10.67000 	   -1.57046 	    0.09527
  10.68000 	   -1.56901 	    0.19337
  10.69000 	   -1.56659 	    0.29147
  10.70000 	   -1.56318 	    0.38956
  10.71000 	   -1.55880 	    0.48766
  10.72000 	   -1.55343 	    0.58575
  10.73000 	   -1.54708 	    0.68383
  10.74000 	   -1.53975 	    0.78189
  10.75000 	   -1.53144 	    0.87993
  10.76000 	   -1.52216 	    0.97793
  10.77000 	   -1.51189 	    1.07589
  10.78000 	   -1.50064 	    1.17378
  10.79000 	   -1.48841 	    1.27160
  10.80000 	   -1.47521 	    1.36931
  10.81000 	   -1.46102 	    1.46689
  10.82000 	   -1.44587 	    1.56431
  10.83000 	   -1.42974 	    1.66154
  10.84000 	   -1.41264 	    1.75854
  10.85000 	   -1.39457 	    1.85527
  10.86000 	   -1.37553 	    1.95168
  10.87000 	   -1.35553 	    2.04771
  10.88000 	   -1.33458 	    2.14332
  10.89000 	   -1.31267 	    2.23843
  10.90000 	   -1.28981 	    2.33298
  10.91000 	   -1.26601 	    2.42690
  10.92000 	   -1.24127 	    2.52010
  10.93000 	   -1.21561 	    2.61250
  10.94000 	   -1.18902 	    2.70400
  10.95000 	   -1.16153 	    2.79452
  10.96000 	   -1.13313 	    2.88395
  10.97000 	   -1.10385 	    2.97217
  10.98000 	   -1.07369 	    3.05909
  10.99000 	   -1.04267 	    3.14457
  11.00000 	   -1.01080 	    3.22849
  11.01000 	   -0.97810 	    3.31073
  11.02000 	   -0.94458 	    3.39116
  11.03000 	   -0.91027 	    3.46964
  11.04000 	   -0.87519 	    3.54602
  11.05000 	   -0.83935 	    3.62018
  11.06000 	   -0.80278 	    3.69197
  11.07000 	   -0.76551 	    3.76123
  11.08000 	   -0.72756 	    3.82784
  11.09000 	   -0.68896 	    3.89164
  11.10000 	   -0.64973 	    3.95250
  11.11000 	   -0.60991 	    4.01027
  11.12000 	   -0.56952 	    4.06481
  11.13000 	   -0.52861 	    4.11600
  11.14000 	   -0.48720 	    4.16370
  11.15000 	   -0.44534 	    4.20779
  11.16000 	   -0.40305 	    4.24816
  11.17000 	   -0.36037 	    4.28470
  11.18000 	   -0.31735 	    4.31730
  11.19000 	   -0.27403 	    4.34588
  11.20000 	   -0.23043 	    4.37035
  11.21000 	   -0.18662 	    4.39066
  11.22000 	   -0.14262 	    4.40673
  11.23000 	   -0.09848 	    4.41852
  11.24000 	   -0.05425 	    4.42601
  11.25000 	   -0.00996 	    4.42916
  11.26000 	    0.03433 	    4.42796
  11.27000 	    0.07860 	    4.42243
  11.28000 	    0.12278 	    4.41257
  11.29000 	    0.16685 	    4.39841
  11.30000 	    0.21075 	    4.38001
  11.31000 	    0.25445 	    4.35740
  11.32000 	    0.29790 	    4.33066
  11.33000 	    0.34106 	    4.29985
  11.34000 	    0.38389 	    4.26508
  11.35000 	    0.42636 	    4.22642
  11.36000 	    0.46842 	    4.18399
  11.37000 	    0.51004 	    4.13790
  11.38000 	    0.55118 	    4.08826
  11.39000 	    0.59181 	    4.03521
  11.40000 	    0.63188 	    3.97888
  11.41000 	    0.67138 	    3.91939
  11.42000 	    0.71027 	    3.85690
  11.43000 	    0.74852 	    3.79154
  11.44000 	    0.78610 	    3.72345
  11.45000 	    0.82299 	    3.65278
  11.46000 	    0.85916 	    3.57967
  11.47000 	    0.89458 	    3.50427
  11.48000 	    0.92924 	    3.42671
  11.49000 	    0.96312 	    3.34715
  11.50000 	    0.99619 	    3.26570
  11.51000 	    1.02843 	    3.18252
  11.52000 	    1.05984 	    3.09772
  11.53000 	    1.09039 	    3.01144
  11.54000 	    1.12007 	    2.92379
  11.55000 	    1.14886 	    2.83489
  11.56000 	    1.17676 	    2.74485
  11.57000 	    1.20376 	    2.65378
  11.58000 	    1.22984 	    2.56177
  11.59000 	    1.25500 	    2.46892
  11.60000 	    1.27922 	    2.37531
  11.61000 	    1.30250 	    2.28104
  11.62000 	    1.32484 	    2.18617
  11.63000 	    1.34622 	    2.09078
  11.64000 	    1.36665 	    1.99493
  11.65000 	    1.38612 	    1.89868
  11.66000 	    1.40463 	    1.80209
  11.67000 	    1.42217 	    1.70521
  11.68000 	    1.43873 	    1.60808
  11.69000 	    1.45433 	    1.51073
  11.70000 	    1.46895 	    1.41322
  11.71000 	    1.48259 	    1.31557
  11.72000 	    1.49526 	    1.21780
  11.73000 	    1.50695 	    1.11994
  11.74000 	    1.51766 	    1.02201
  11.75000 	    1.52739 	    0.92402
  11.76000 	    1.53614 	    0.82600
  11.77000 	    1.54391 	    0.72794
  11.78000 	    1.55070 	    0.62987
  11.79000 	    1.55650 	    0.53179
  11.80000 	    1.56133 	    0.43369
  11.81000 	    1.56518 	    0.33560
  11.82000 	    1.56804 	    0.23750
  11.83000 	    1.56993 	    0.13940
  11.84000 	    1.57083 	    0.04130
  11.85000 	    1.57075 	   -0.05680
  11.86000 	    1.56970 	   -0.15490
  11.87000 	    1.56766 	   -0.25300
  11.88000 	    1.56464 	   -0.35110
  11.89000 	    1.56063 	   -0.44920
  11.90000 	    1.55565 	   -0.54729
  11.91000 	    1.54969 	   -0.64537
  11.92000 	    1.54274 	   -0.74344
  11.93000 	    1.53482 	   -0.84149
  11.94000 	    1.52591 	   -0.93951
  11.95000 	    1.51603 	   -1.03749
  11.96000 	    1.50516 	   -1.13541
  11.97000 	    1.49332 	   -1.23326
  11.98000 	    1.48050 	   -1.33101
  11.99000 	    1.46670 	   -1.42864
  12.00000 	    1.45193 	   -1.52613
  12.01000 	    1.43618 	   -1.62344
  12.02000 	    1.41946 	   -1.72054
  12.03000 	    1.40177 	   -1.81738
  12.04000 	    1.38311 	   -1.91392
  12.05000 	    1.36349 	   -2.01011
  12.06000 	    1.34291 	   -2.10589
  12.07000 	    1.32137 	   -2.20120
  12.08000 	    1.29888 	   -2.29598
  12.09000 	    1.27545 	   -2.39016
  12.10000 	    1.25108 	   -2.48365
  12.11000 	    1.22578 	   -2.57637
  12.12000 	    1.19955 	   -2.66824
  12.13000 	    1.17241 	   -2.75916
  12.14000 	    1.14437 	   -2.84902
  12.15000 	    1.11543 	   -2.93773
  12.16000 	    1.08562 	   -3.02517
  12.17000 	    1.05493 	   -3.11123
  12.18000 	    1.02339 	   -3.19578
  12.19000 	    0.99102 	   -3.27870
  12.20000 	    0.95782 	   -3.35985
  12.21000 	    0.92382 	   -3.43911
  12.22000 	    0.88904 	   -3.51633
  12.23000 	    0.85349 	   -3.59138
  12.24000 	    0.81721 	   -3.66411
  12.25000 	    0.78021 	   -3.73438
  12.26000 	    0.74252 	   -3.80205
  12.27000 	    0.70417 	   -3.86697
  12.28000 	    0.66518 	   -3.92900
  12.29000 	    0.62559 	   -3.98800
  12.30000 	    0.58542 	   -4.04382
  12.31000 	    0.54471 	   -4.09634
  12.32000 	    0.50349 	   -4.14542
  12.33000 	    0.46180 	   -4.19094
  12.34000 	    0.41968 	   -4.23278
  12.35000 	    0.37715 	   -4.27083
  12.36000 	    0.33426 	   -4.30499
  12.37000 	    0.29105 	   -4.33516
  12.38000 	    0.24756 	   -4.36125
  12.39000 	    0.20382 	   -4.38320
  12.40000 	    0.15989 	   -4.40094
  12.41000 	    0.11580 	   -4.41441
  12.42000 	    0.07160 	   -4.42359
  12.43000 	    0.02733 	   -4.42844
  12.44000 	   -0.01697 	   -4.42895
  12.45000 	   -0.06125 	   -4.42511
  12.46000 	   -0.10547 	   -4.41695
  12.47000 	   -0.14959 	   -4.40447
  12.48000 	   -0.19356 	   -4.38773
  12.49000 	   -0.23734 	   -4.36676
  12.50000 	   -0.28089 	   -4.34163
  12.51000 	   -0.32417 	   -4.31241
  12.52000 	   -0.36714 	   -4.27918
  12.53000 	   -0.40976 	   -4.24203
  12.54000 	   -0.45198 	   -4.20107
  12.55000 	   -0.49378 	   -4.15640
  12.56000 	   -0.53511 	   -4.10814
  12.57000 	   -0.57594 	   -4.05641
  12.58000 	   -0.61624 	   -4.00135
  12.59000 	   -0.65597 	   -3.94308
  12.60000 	   -0.69510 	   -3.88175
  12.61000 	   -0.73360 	   -3.81750
  12.62000 	   -0.77145 	   -3.75046
  12.63000 	   -0.80861 	   -3.68078
  12.64000 	   -0.84506 	   -3.60861
  12.65000 	   -0.88078 	   -3.53409
  12.66000 	   -0.91575 	   -3.45737
  12.67000 	   -0.94993 	   -3.37857
  12.68000 	   -0.98332 	   -3.29785
  12.69000 	   -1.01589 	   -3.21534
  12.70000 	   -1.04762 	   -3.13116
  12.71000 	   -1.07851 	   -3.04544
  12.72000 	   -1.10853 	   -2.95831
  12.73000 	   -1.13768 	   -2.86989
  12.74000 	   -1.16593 	   -2.78029
  12.75000 	   -1.19328 	   -2.68961
  12.76000 	   -1.21972 	   -2.59795
  12.77000 	   -1.24524 	   -2.50542
  12.78000 	   -1.26983 	   -2.41210
  12.79000 	   -1.29348 	   -2.31808
  12.80000 	   -1.31619 	   -2.22343
  12.81000 	   -1.33795 	   -2.12824
  12.82000 	   -1.35876 	   -2.03256
  12.83000 	   -1.37860 	   -1.93646
  12.84000 	   -1.39749 	   -1.84000
  12.85000 	   -1.41540 	   -1.74323
  12.86000 	   -1.43235 	   -1.64619
  12.87000 	   -1.44833 	   -1.54892
  12.88000 	   -1.46333 	   -1.45147
  12.89000 	   -1.47736 	   -1.35387
  12.90000 	   -1.49041 	   -1.25614
  12.91000 	   -1.50248 	   -1.15832
  12.92000 	   -1.51357 	   -1.06041
  12.93000 	   -1.52369 	   -0.96245
  12.94000 	   -1.53282 	   -0.86444
  12.95000 	   -1.54098 	   -0.76639
  12.96000 	   -1.54815 	   -0.66833
  12.97000 	   -1.55434 	   -0.57025
  12.98000 	   -1.55956 	   -0.47216
  12.99000 	   -1.56379 	   -0.37406
  13.00000 	   -1.56704 	   -0.27596
  13.01000 	   -1.56931 	   -0.17786
  13.02000 	   -1.57059 	   -0.07976
  13.03000 	   -1.57090 	    0.01834
  13.04000 	   -1.57023 	    0.11644
  13.05000 	   -1.56857 	    0.21454
  13.06000 	   -1.56594 	    0.31264
  13.07000 	   -1.56232 	    0.41073
  13.08000 	   -1.55772 	    0.50883
  13.09000 	   -1.55214 	    0.60692
  13.10000 	   -1.54558 	    0.70499
  13.11000 	   -1.53804 	    0.80305
  13.12000 	   -1.52952 	    0.90108
  13.13000 	   -1.52002 	    0.99908
  13.14000 	   -1.50954 	    1.09702
  13.15000 	   -1.49808 	    1.19490
  13.16000 	   -1.48564 	    1.29269
  13.17000 	   -1.47223 	    1.39038
  13.18000 	   -1.45784 	    1.48793
  13.19000 	   -1.44247 	    1.58531
  13.20000 	   -1.42613 	    1.68249
  13.21000 	   -1.40882 	    1.77944
  13.22000 	   -1.39054 	    1.87610
  13.23000 	   -1.37130 	    1.97244
  13.24000 	   -1.35109 	    2.06838
  13.25000 	   -1.32993 	    2.16389
  13.26000 	   -1.30781 	    2.25889
  13.27000 	   -1.28475 	    2.35331
  13.28000 	   -1.26075 	    2.44707
  13.29000 	   -1.23581 	    2.54011
  13.30000 	   -1.20995 	    2.63232
  13.31000 	   -1.18316 	    2.72363
  13.32000 	   -1.15547 	    2.81392
  13.33000 	   -1.12689 	    2.90309
  13.34000 	   -1.09741 	    2.99105
  13.35000 	   -1.06706 	    3.07766
  13.36000 	   -1.03586 	    3.16281
  13.37000 	   -1.00381 	    3.24639
  13.38000 	   -0.97093 	    3.32825
  13.39000 	   -0.93724 	    3.40826
  13.40000 	   -0.90277 	    3.48630
  13.41000 	   -0.86752 	    3.56222
  13.42000 	   -0.83152 	    3.63588
  13.43000 	   -0.79480 	    3.70713
  13.44000 	   -0.75738 	    3.77584
  13.45000 	   -0.71928 	    3.84185
  13.46000 	   -0.68054 	    3.90503
  13.47000 	   -0.64118 	    3.96523
  13.48000 	   -0.60124 	    4.02232
  13.49000 	   -0.56074 	    4.07615
  13.50000 	   -0.51971 	    4.12659
  13.51000 	   -0.47820 	    4.17353
  13.52000 	   -0.43624 	    4.21682
  13.53000 	   -0.39387 	    4.25637
  13.54000 	   -0.35112 	    4.29207
  13.55000 	   -0.30803 	    4.32381
  13.56000 	   -0.26464 	    4.35151
  13.57000 	   -0.22100 	    4.37509
  13.58000 	   -0.17714 	    4.39449
  13.59000 	   -0.13311 	    4.40964
  13.60000 	   -0.08895 	    4.42051
  13.61000 	   -0.04470 	    4.42705
  13.62000 	   -0.00040 	    4.42927
  13.63000 	    0.04389 	    4.42713
  13.64000 	    0.08814 	    4.42066
  13.65000 	    0.13230 	    4.40988
  13.66000 	    0.17634 	    4.39480
  13.67000 	    0.22020 	    4.37548
  13.68000 	    0.26385 	    4.35198
  13.69000 	    0.30724 	    4.32435
  13.70000 	    0.35033 	    4.29268
  13.71000 	    0.39309 	    4.25706
  13.72000 	    0.43547 	    4.21758
  13.73000 	    0.47744 	    4.17435
  13.74000 	    0.51896 	    4.12748
  13.75000 	    0.55999 	    4.07710
  13.76000 	    0.60050 	    4.02333
  13.77000 	    0.64046 	    3.96630
  13.78000 	    0.67983 	    3.90616
  13.79000 	    0.71858 	    3.84303
  13.80000 	    0.75669 	    3.77707
  13.81000 	    0.79412 	    3.70841
  13.82000 	    0.83086 	    3.63720
  13.83000 	    0.86687 	    3.56358
  13.84000 	    0.90213 	    3.48771
  13.85000 	    0.93662 	    3.40971
  13.86000 	    0.97032 	    3.32972
  13.87000 	    1.00322 	    3.24790
  13.88000 	    1.03528 	    3.16435
  13.89000 	    1.06650 	    3.07923
  13.90000 	    1.09687 	    2.99264
  13.91000 	    1.12636 	    2.90471
  13.92000 	    1.15496 	    2.81555
  13.93000 	    1.18267 	    2.72528
  13.94000 	    1.20947 	    2.63400
  13.95000 	    1.23535 	    2.54180
  13.96000 	    1.26030 	    2.44878
  13.97000 	    1.28432 	    2.35502
  13.98000 	    1.30740 	    2.26061
  13.99000 	    1.32953 	    2.16563
  14.00000 	    1.35071 	    2.07013
  14.01000 	    1.37094 	    1.97419
  14.02000 	    1.39020 	    1.87786
  14.03000 	    1.40849 	    1.78121
  14.04000 	    1.42582 	    1.68427
  14.05000 	    1.44218 	    1.58709
  14.06000 	    1.45756 	    1.48970
  14.07000 	    1.47197 	    1.39216
  14.08000 	    1.48541 	    1.29448
  14.09000 	    1.49786 	    1.19668
  14.10000 	    1.50934 	    1.09881
  14.11000 	    1.51984 	    1.00086
  14.12000 	    1.52936 	    0.90287
  14.13000 	    1.53790 	    0.80484
  14.14000 	    1.54546 	    0.70678
  14.15000 	    1.55203 	    0.60871
  14.16000 	    1.55763 	    0.51062
  14.17000 	    1.56225 	    0.41252
  14.18000 	    1.56588 	    0.31443
  14.19000 	    1.56853 	    0.21633
  14.20000 	    1.57021 	    0.11823
  14.21000 	    1.57090 	    0.02013
  14.22000 	    1.57061 	   -0.07797
  14.23000 	    1.56934 	   -0.17607
  14.24000 	    1.56709 	   -0.27417
  14.25000 	    1.56386 	   -0.37227
  14.26000 	    1.55964 	   -0.47037
  14.27000 	    1.55445 	   -0.56846
  14.28000 	    1.54827 	   -0.66654
  14.29000 	    1.54112 	   -0.76460
  14.30000 	    1.53298 	   -0.86265
  14.31000 	    1.52386 	   -0.96066
  14.32000 	    1.51377 	   -1.05862
  14.33000 	    1.50269 	   -1.15653
  14.34000 	    1.49064 	   -1.25436
  14.35000 	    1.47760 	   -1.35209
  14.36000 	    1.46360 	   -1.44969
  14.37000 	    1.44861 	   -1.54715
  14.38000 	    1.43265 	   -1.64441
  14.39000 	    1.41572 	   -1.74146
  14.40000 	    1.39782 	   -1.83824
  14.41000 	    1.37896 	   -1.93471
  14.42000 	    1.35913 	   -2.03081
  14.43000 	    1.33834 	   -2.12650
  14.44000 	    1.31660 	   -2.22170
  14.45000 	    1.29391 	   -2.31636
  14.46000 	    1.27027 	   -2.41039
  14.47000 	    1.24570 	   -2.50372
  14.48000 	    1.22020 	   -2.59627
  14.49000 	    1.19377 	   -2.68794
  14.50000 	    1.16644 	   -2.77864
  14.51000 	    1.13820 	   -2.86827
  14.52000 	    1.10907 	   -2.95671
  14.53000 	    1.07907 	   -3.04386
  14.54000 	    1.04820 	   -3.12961
  14.55000 	    1.01647 	   -3.21381
  14.56000 	    0.98392 	   -3.29636
  14.57000 	    0.95055 	   -3.37712
  14.58000 	    0.91638 	   -3.45595
  14.59000 	    0.88143 	   -3.53271
  14.60000 	    0.84572 	   -3.60728
  14.61000 	    0.80928 	   -3.67949
  14.62000 	    0.77213 	   -3.74921
  14.63000 	    0.73430 	   -3.81630
  14.64000 	    0.69581 	   -3.88061
  14.65000 	    0.65669 	   -3.94199
  14.66000 	    0.61697 	   -4.00032
  14.67000 	    0.57668 	   -4.05544
  14.68000 	    0.53586 	   -4.10723
  14.69000 	    0.49454 	   -4.15555
  14.70000 	    0.45275 	   -4.20029
  14.71000 	    0.41053 	   -4.24132
  14.72000 	    0.36792 	   -4.27854
  14.73000 	    0.32496 	   -4.31184
  14.74000 	    0.28168 	   -4.34113
  14.75000 	    0.23814 	   -4.36634
  14.76000 	    0.19436 	   -4.38738
  14.77000 	    0.15039 	   -4.40421
  14.78000 	    0.10627 	   -4.41676
  14.79000 	    0.06205 	   -4.42500
  14.80000 	    0.01777 	   -4.42892
  14.81000 	   -0.02652 	   -4.42849
  14.82000 	   -0.07080 	   -4.42372
  14.83000 	   -0.11500 	   -4.41462
  14.84000 	   -0.15909 	   -4.40122
  14.85000 	   -0.20302 	   -4.38356
  14.86000 	   -0.24676 	   -4.36169
  14.87000 	   -0.29026 	   -4.33567
  14.88000 	   -0.33347 	   -4.30558
  14.89000 	   -0.37637 	   -4.27149
  14.90000 	   -0.41890 	   -4.23351
  14.91000 	   -0.46104 	   -4.19174
  14.92000 	   -0.50274 	   -4.14629
  14.93000 	   -0.54396 	   -4.09727
  14.94000 	   -0.58468 	   -4.04481
  14.95000 	   -0.62486 	   -3.98904
  14.96000 	   -0.66446 	   -3.93010
  14.97000 	   -0.70346 	   -3.86813
  14.98000 	   -0.74183 	   -3.80326
  14.99000 	   -0.77953 	   -3.73564
  15.00000 	   -0.81654 	   -3.66542
  15.01000 	   -0.85284 	   -3.59273
  15.02000 	   -0.88839 	   -3.51772
  15.03000 	   -0.92319 	   -3.44053
  15.04000 	   -0.95720 	   -3.36131
  15.05000 	   -0.99042 	   -3.28019
  15.06000 	   -1.02281 	   -3.19731
  15.07000 	   -1.05436 	   -3.11278
  15.08000 	   -1.08506 	   -3.02676
  15.09000 	   -1.11490 	   -2.93934
  15.10000 	   -1.14385 	   -2.85065
  15.11000 	   -1.17191 	   -2.76080
  15.12000 	   -1.19907 	   -2.66991
  15.13000 	   -1.22531 	   -2.57805
  15.14000 	   -1.25063 	   -2.48534
  15.15000 	   -1.27502 	   -2.39187
  15.16000 	   -1.29847 	   -2.29770
  15.17000 	   -1.32097 	   -2.20294
  15.18000 	   -1.34252 	   -2.10763
  15.19000 	   -1.36312 	   -2.01186
  15.20000 	   -1.38276 	   -1.91568
  15.21000 	   -1.40144 	   -1.81914
  15.22000 	   -1.41914 	   -1.72231
  15.23000 	   -1.43588 	   -1.62522
  15.24000 	   -1.45165 	   -1.52791
  15.25000 	   -1.46644 	   -1.43042
  15.26000 	   -1.48026 	   -1.33279
  15.27000 	   -1.49310 	   -1.23504
  15.28000 	   -1.50496 	   -1.13719
  15.29000 	   -1.51584 	   -1.03927
  15.30000 	   -1.52574 	   -0.94130
  15.31000 	   -1.53467 	   -0.84328
  15.32000 	   -1.54261 	   -0.74523
  15.33000 	   -1.54957 	   -0.64716
  15.34000 	   -1.55555 	   -0.54908
  15.35000 	   -1.56055 	   -0.45099
  15.36000 	   -1.56457 	   -0.35289
  15.37000 	   -1.56761 	   -0.25479
  15.38000 	   -1.56967 	   -0.15669
  15.39000 	   -1.57074 	   -0.05859
  15.40000 	   -1.57084 	    0.03951
  15.41000 	   -1.56995 	    0.13761
  15.42000 	   -1.56809 	    0.23571
  15.43000 	   -1.56524 	    0.33381
  15.44000 	   -1.56141 	    0.43190
  15.45000 	   -1.55660 	    0.53000
  15.46000 	   -1.55081 	    0.62808
  15.47000 	   -1.54404 	    0.72615
  15.48000 	   -1.53629 	    0.82421
  15.49000 	   -1.52756 	    0.92223
  15.50000 	   -1.51784 	    1.02022
  15.51000 	   -1.50715 	    1.11815
  15.52000 	   -1.49548 	    1.21601
  15.53000 	   -1.48283 	    1.31378
  15.54000 	   -1.46920 	    1.41144
  15.55000 	   -1.45460 	    1.50896
  15.56000 	   -1.43903 	    1.60630
  15.57000 	   -1.42248 	    1.70344
  15.58000 	   -1.40496 	    1.80033
  15.59000 	   -1.38647 	    1.89692
  15.60000 	   -1.36702 	    1.99318
  15.61000 	   -1.34661 	    2.08903
  15.62000 	   -1.32524 	    2.18443
  15.63000 	   -1.30292 	    2.27931
  15.64000 	   -1.27965 	    2.37360
  15.65000 	   -1.25545 	    2.46722
  15.66000 	   -1.23031 	    2.56008
  15.67000 	   -1.20424 	    2.65211
  15.68000 	   -1.17726 	    2.74320
  15.69000 	   -1.14938 	    2.83326
  15.70000 	   -1.12060 	    2.92218
  15.71000 	   -1.09094 	    3.00985
  15.72000 	   -1.06040 	    3.09616
  15.73000 	   -1.02901 	    3.18099
  15.74000 	   -0.99678 	    3.26420
  15.75000 	   -0.96373 	    3.34568
  15.76000 	   -0.92987 	    3.42528
  15.77000 	   -0.89522 	    3.50287
  15.78000 	   -0.85981 	    3.57831
  15.79000 	   -0.82366 	    3.65146
  15.80000 	   -0.78678 	    3.72218
  15.81000 	   -0.74921 	    3.79032
  15.82000 	   -0.71098 	    3.85573
  15.83000 	   -0.67210 	    3.91828
  15.84000 	   -0.63261 	    3.97782
  15.85000 	   -0.59254 	    4.03422
  15.86000 	   -0.55193 	    4.08733
  15.87000 	   -0.51080 	    4.13702
  15.88000 	   -0.46919 	    4.18318
  15.89000 	   -0.42713 	    4.22568
  15.90000 	   -0.38467 	    4.26441
  15.91000 	   -0.34184 	    4.29926
  15.92000 	   -0.29869 	    4.33013
  15.93000 	   -0.25524 	    4.35695
  15.94000 	   -0.21155 	    4.37963
  15.95000 	   -0.16765 	    4.39812
  15.96000 	   -0.12359 	    4.41235
  15.97000 	   -0.07940 	    4.42228
  15.98000 	   -0.03514 	    4.42790
  15.99000 	    0.00916 	    4.42917
  16.00000 	    0.05344 	    4.42610
  16.01000 	    0.09768 	    4.41870
  16.02000 	    0.14182 	    4.40698
  16.03000 	    0.18582 	    4.39099
  16.04000 	    0.22964 	    4.37076
  16.05000 	    0.27323 	    4.34636
  16.06000 	    0.31656 	    4.31786
  16.07000 	    0.35959 	    4.28533
  16.08000 	    0.40227 	    4.24886
  16.09000 	    0.44457 	    4.20856
  16.10000 	    0.48644 	    4.16454
  16.11000 	    0.52786 	    4.11690
  16.12000 	    0.56878 	    4.06578
  16.13000 	    0.60917 	    4.01129
  16.14000 	    0.64901 	    3.95358
  16.15000 	    0.68825 	    3.89278
  16.16000 	    0.72686 	    3.82903
  16.17000 	    0.76483 	    3.76247
  16.18000 	    0.80211 	    3.69325
  16.19000 	    0.83869 	    3.62151
  16.20000 	    0.87454 	    3.54740
  16.21000 	    0.90964 	    3.47105
  16.22000 	    0.94396 	    3.39261
  16.23000 	    0.97749 	    3.31222
  16.24000 	    1.01021 	    3.23001
  16.25000 	    1.04209 	    3.14611
  16.26000 	    1.07313 	    3.06066
  16.27000 	    1.10330 	    2.97377
  16.28000 	    1.13260 	    2.88557
  16.29000 	    1.16102 	    2.79616
  16.30000 	    1.18853 	    2.70567
  16.31000 	    1.21513 	    2.61418
  16.32000 	    1.24081 	    2.52179
  16.33000 	    1.26556 	    2.42861
  16.34000 	    1.28938 	    2.33470
  16.35000 	    1.31226 	    2.24016
  16.36000 	    1.33419 	    2.14506
  16.37000 	    1.35516 	    2.04946
  16.38000 	    1.37518 	    1.95343
  16.39000 	    1.39423 	    1.85703
  16.40000 	    1.41232 	    1.76031
  16.41000 	    1.42944 	    1.66331
  16.42000 	    1.44558 	    1.56609
  16.43000 	    1.46076 	    1.46867
  16.44000 	    1.47496 	    1.37109
  16.45000 	    1.48818 	    1.27338
  16.46000 	    1.50042 	    1.17557
  16.47000 	    1.51169 	    1.07768
  16.48000 	    1.52198 	    0.97972
  16.49000 	    1.53128 	    0.88172
  16.50000 	    1.53961 	    0.78368
  16.51000 	    1.54696 	    0.68562
  16.52000 	    1.55332 	    0.58754
  16.53000 	    1.55871 	    0.48945
  16.54000 	    1.56311 	    0.39135
  16.55000 	    1.56654 	    0.29326
  16.56000 	    1.56898 	    0.19516
  16.57000 	    1.57044 	    0.09706
  16.58000 	    1.57092 	   -0.00104
  16.59000 	    1.57042 	   -0.09914
  16.60000 	    1.56894 	   -0.19724
  16.61000 	    1.56647 	   -0.29534
  16.62000 	    1.56303 	   -0.39344
  16.63000 	    1.55860 	   -0.49154
  16.64000 	    1.55320 	   -0.58962
  16.65000 	    1.54681 	   -0.68770
  16.66000 	    1.53944 	   -0.78576
  16.67000 	    1.53110 	   -0.88380
  16.68000 	    1.52177 	   -0.98180
  16.69000 	    1.51146 	   -1.07976
  16.70000 	    1.50017 	   -1.17765
  16.71000 	    1.48791 	   -1.27546
  16.72000 	    1.47466 	   -1.37316
  16.73000 	    1.46044 	   -1.47074
  16.74000 	    1.44525 	   -1.56816
  16.75000 	    1.42908 	   -1.66538
  16.76000 	    1.41194 	   -1.76237
  16.77000 	    1.39383 	   -1.85908
  16.78000 	    1.37476 	   -1.95548
  16.79000 	    1.35472 	   -2.05150
  16.80000 	    1.33373 	   -2.14709
  16.81000 	    1.31178 	   -2.24218
  16.82000 	    1.28889 	   -2.33671
  16.83000 	    1.26505 	   -2.43060
  16.84000 	    1.24027 	   -2.52377
  16.85000 	    1.21457 	   -2.61613
  16.86000 	    1.18795 	   -2.70760
  16.87000 	    1.16042 	   -2.79808
  16.88000 	    1.13199 	   -2.88746
  16.89000 	    1.10267 	   -2.97563
  16.90000 	    1.07248 	   -3.06249
  16.91000 	    1.04142 	   -3.14791
  16.92000 	    1.00952 	   -3.23177
  16.93000 	    0.97679 	   -3.31395
  16.94000 	    0.94324 	   -3.39430
  16.95000 	    0.90890 	   -3.47269
  16.96000 	    0.87379 	   -3.54900
  16.97000 	    0.83792 	   -3.62306
  16.98000 	    0.80133 	   -3.69475
  16.99000 	    0.76403 	   -3.76392
  17.00000 	    0.72605 	   -3.83042
  17.01000 	    0.68742 	   -3.89411
  17.02000 	    0.64816 	   -3.95484
  17.03000 	    0.60832 	   -4.01249
  17.04000 	    0.56792 	   -4.06690
  17.05000 	    0.52698 	   -4.11795
  17.06000 	    0.48556 	   -4.16551
  17.07000 	    0.44367 	   -4.20946
  17.08000 	    0.40137 	   -4.24968
  17.09000 	    0.35868 	   -4.28606
  17.10000 	    0.31565 	   -4.31850
  17.11000 	    0.27231 	   -4.34692
  17.12000 	    0.22871 	   -4.37124
  17.13000 	    0.18488 	   -4.39137
  17.14000 	    0.14088 	   -4.40728
  17.15000 	    0.09674 	   -4.41890
  17.16000 	    0.05250 	   -4.42621
  17.17000 	    0.00821 	   -4.42919
  17.18000 	   -0.03608 	   -4.42782
  17.19000 	   -0.08034 	   -4.42212
  17.20000 	   -0.12452 	   -4.41209
  17.21000 	   -0.16858 	   -4.39777
  17.22000 	   -0.21248 	   -4.37919
  17.23000 	   -0.25617 	   -4.35642
  17.24000 	   -0.29961 	   -4.32952
  17.25000 	   -0.34276 	   -4.29855
  17.26000 	   -0.38558 	   -4.26362
  17.27000 	   -0.42803 	   -4.22482
  17.28000 	   -0.47008 	   -4.18224
  17.29000 	   -0.51168 	   -4.13600
  17.30000 	   -0.55280 	   -4.08623
  17.31000 	   -0.59340 	   -4.03305
  17.32000 	   -0.63346 	   -3.97659
  17.33000 	   -0.67293 	   -3.91698
  17.34000 	   -0.71180 	   -3.85437
  17.35000 	   -0.75002 	   -3.78890
  17.36000 	   -0.78757 	   -3.72070
  17.37000 	   -0.82443 	   -3.64993
  17.38000 	   -0.86057 	   -3.57673
  17.39000 	   -0.89597 	   -3.50124
  17.40000 	   -0.93060 	   -3.42361
  17.41000 	   -0.96444 	   -3.34396
  17.42000 	   -0.99748 	   -3.26245
  17.43000 	   -1.02969 	   -3.17920
  17.44000 	   -1.06106 	   -3.09434
  17.45000 	   -1.09158 	   -3.00800
  17.46000 	   -1.12122 	   -2.92030
  17.47000 	   -1.14998 	   -2.83136
  17.48000 	   -1.17785 	   -2.74127
  17.49000 	   -1.20481 	   -2.65016
  17.50000 	   -1.23085 	   -2.55812
  17.51000 	   -1.25597 	   -2.46523
  17.52000 	   -1.28016 	   -2.37160
  17.53000 	   -1.30340 	   -2.27730
  17.54000 	   -1.32570 	   -2.18241
  17.55000 	   -1.34705 	   -2.08700
  17.56000 	   -1.36744 	   -1.99113
  17.57000 	   -1.38687 	   -1.89487
  17.58000 	   -1.40534 	   -1.79827
  17.59000 	   -1.42284 	   -1.70137
  17.60000 	   -1.43937 	   -1.60423
  17.61000 	   -1.45492 	   -1.50688
  17.62000 	   -1.46950 	   -1.40937
  17.63000 	   -1.48311 	   -1.31170
  17.64000 	   -1.49574 	   -1.21393
  17.65000 	   -1.50739 	   -1.11607
  17.66000 	   -1.51806 	   -1.01813
  17.67000 	   -1.52775 	   -0.92015
  17.68000 	   -1.53646 	   -0.82212
  17.69000 	   -1.54419 	   -0.72407
  17.70000 	   -1.55094 	   -0.62600
  17.71000 	   -1.55671 	   -0.52791
  17.72000 	   -1.56150 	   -0.42982
  17.73000 	   -1.56531 	   -0.33172
  17.74000 	   -1.56814 	   -0.23362
  17.75000 	   -1.56998 	   -0.13552
  17.76000 	   -1.57085 	   -0.03742
  17.77000 	   -1.57073 	    0.06068
  17.78000 	   -1.56963 	    0.15878
  17.79000 	   -1.56756 	    0.25688
  17.80000 	   -1.56450 	    0.35498
  17.81000 	   -1.56046 	    0.45307
  17.82000 	   -1.55543 	    0.55116
  17.83000 	   -1.54943 	    0.64925
  17.84000 	   -1.54245 	    0.74732
  17.85000 	   -1.53449 	    0.84536
  17.86000 	   -1.52554 	    0.94338
  17.87000 	   -1.51562 	    1.04136
  17.88000 	   -1.50472 	    1.13928
  17.89000 	   -1.49283 	    1.23712
  17.90000 	   -1.47997 	    1.33487
  17.91000 	   -1.46614 	    1.43250
  17.92000 	   -1.45132 	    1.52998
  17.93000 	   -1.43554 	    1.62728
  17.94000 	   -1.41878 	    1.72437
  17.95000 	   -1.40105 	    1.82120
  17.96000 	   -1.38235 	    1.91772
  17.97000 	   -1.36269 	    2.01390
  17.98000 	   -1.34208 	    2.10966
  17.99000 	   -1.32050 	    2.20496
  18.00000 	   -1.29798 	    2.29971
  18.01000 	   -1.27451 	    2.39386
  18.02000 	   -1.25010 	    2.48732
  18.03000 	   -1.22476 	    2.58002
  18.04000 	   -1.19850 	    2.67185
  18.05000 	   -1.17132 	    2.76273
  18.06000 	   -1.14324 	    2.85255
  18.07000 	   -1.11427 	    2.94121
  18.08000 	   -1.08442 	    3.02860
  18.09000 	   -1.05370 	    3.11460
  18.10000 	   -1.02213 	    3.19909
  18.11000 	   -0.98972 	    3.28194
  18.12000 	   -0.95649 	    3.36302
  18.13000 	   -0.92246 	    3.44220
  18.14000 	   -0.88765 	    3.51934
  18.15000 	   -0.85207 	    3.59430
  18.16000 	   -0.81576 	    3.66693
  18.17000 	   -0.77873 	    3.73711
  18.18000 	   -0.74102 	    3.80467
  18.19000 	   -0.70264 	    3.86948
  18.20000 	   -0.66363 	    3.93139
  18.21000 	   -0.62401 	    3.99026
  18.22000 	   -0.58382 	    4.04596
  18.23000 	   -0.54309 	    4.09835
  18.24000 	   -0.50186 	    4.14729
  18.25000 	   -0.46015 	    4.19267
  18.26000 	   -0.41800 	    4.23436
  18.27000 	   -0.37546 	    4.27226
  18.28000 	   -0.33256 	    4.30626
  18.29000 	   -0.28933 	    4.33627
  18.30000 	   -0.24583 	    4.36220
  18.31000 	   -0.20209 	    4.38398
  18.32000 	   -0.15815 	    4.40155
  18.33000 	   -0.11406 	    4.41486
  18.34000 	   -0.06986 	    4.42386
  18.35000 	   -0.02558 	    4.42854
  18.36000 	    0.01872 	    4.42888
  18.37000 	    0.06300 	    4.42487
  18.38000 	    0.10721 	    4.41654
  18.39000 	    0.15133 	    4.40389
  18.40000 	    0.19529 	    4.38698
  18.41000 	    0.23907 	    4.36585
  18.42000 	    0.28261 	    4.34055
  18.43000 	    0.32588 	    4.31117
  18.44000 	    0.36883 	    4.27779
  18.45000 	    0.41143 	    4.24049
  18.46000 	    0.45364 	    4.19937
  18.47000 	    0.49542 	    4.15456
  18.48000 	    0.53673 	    4.10616
  18.49000 	    0.57754 	    4.05430
  18.50000 	    0.61782 	    3.99911
  18.51000 	    0.65753 	    3.94072
  18.52000 	    0.69663 	    3.87927
  18.53000 	    0.73511 	    3.81490
  18.54000 	    0.77293 	    3.74776
  18.55000 	    0.81007 	    3.67798
  18.56000 	    0.84649 	    3.60571
  18.57000 	    0.88218 	    3.53110
  18.58000 	    0.91711 	    3.45429
  18.59000 	    0.95127 	    3.37542
  18.60000 	    0.98462 	    3.29462
  18.61000 	    1.01716 	    3.21204
  18.62000 	    1.04886 	    3.12780
  18.63000 	    1.07971 	    3.04203
  18.64000 	    1.10970 	    2.95484
  18.65000 	    1.13881 	    2.86637
  18.66000 	    1.16703 	    2.77672
  18.67000 	    1.19435 	    2.68600
  18.68000 	    1.22075 	    2.59431
  18.69000 	    1.24623 	    2.50175
  18.70000 	    1.27078 	    2.40840
  18.71000 	    1.29440 	    2.31435
  18.72000 	    1.31707 	    2.21968
  18.73000 	    1.33879 	    2.12447
  18.74000 	    1.35956 	    2.02877
  18.75000 	    1.37937 	    1.93266
  18.76000 	    1.39821 	    1.83618
  18.77000 	    1.41609 	    1.73940
  18.78000 	    1.43300 	    1.64235
  18.79000 	    1.44894 	    1.54508
  18.80000 	    1.46390 	    1.44762
  18.81000 	    1.47789 	    1.35001
  18.82000 	    1.49090 	    1.25228
  18.83000 	    1.50294 	    1.15445
  18.84000 	    1.51399 	    1.05654
  18.85000 	    1.52407 	    0.95857
  18.86000 	    1.53316 	    0.86056
  18.87000 	    1.54128 	    0.76252
  18.88000 	    1.54841 	    0.66445
  18.89000 	    1.55457 	    0.56637
  18.90000 	    1.55974 	    0.46828
  18.91000 	    1.56393 	    0.37018
  18.92000 	    1.56715 	    0.27209
  18.93000 	    1.56938 	    0.17399
  18.94000 	    1.57063 	    0.07589
  18.95000 	    1.57089 	   -0.02221
  18.96000 	    1.57018 	   -0.12031
  18.97000 	    1.56849 	   -0.21841
  18.98000 	    1.56581 	   -0.31651
  18.99000 	    1.56216 	   -0.41461
  19.00000 	    1.55752 	   -0.51270
  19.01000 	    1.55190 	   -0.61079
  19.02000 	    1.54530 	   -0.70887
  19.03000 	    1.53773 	   -0.80692
  19.04000 	    1.52917 	   -0.90495
  19.05000 	    1.51963 	   -1.00295
  19.06000 	    1.50911 	   -1.10089
  19.07000 	    1.49761 	   -1.19877
  19.08000 	    1.48513 	   -1.29655
  19.09000 	    1.47168 	   -1.39423
  19.10000 	    1.45725 	   -1.49178
  19.11000 	    1.44184 	   -1.58915
  19.12000 	    1.42546 	   -1.68633
  19.13000 	    1.40812 	   -1.78326
  19.14000 	    1.38980 	   -1.87992
  19.15000 	    1.37052 	   -1.97623
  19.16000 	    1.35027 	   -2.07217
  19.17000 	    1.32907 	   -2.16765
  19.18000 	    1.30692 	   -2.26263
  19.19000 	    1.28382 	   -2.35702
  19.20000 	    1.25978 	   -2.45077
  19.21000 	    1.23481 	   -2.54377
  19.22000 	    1.20891 	   -2.63595
  19.23000 	    1.18209 	   -2.72721
  19.24000 	    1.15436 	   -2.81746
  19.25000 	    1.12574 	   -2.90659
  19.26000 	    1.09623 	   -2.99449
  19.27000 	    1.06585 	   -3.08105
  19.28000 	    1.03461 	   -3.16615
  19.29000 	    1.00253 	   -3.24965
  19.30000 	    0.96962 	   -3.33145
  19.31000 	    0.93590 	   -3.41139
  19.32000 	    0.90139 	   -3.48934
  19.33000 	    0.86611 	   -3.56517
  19.34000 	    0.83008 	   -3.63874
  19.35000 	    0.79333 	   -3.70990
  19.36000 	    0.75589 	   -3.77850
  19.37000 	    0.71776 	   -3.84440
  19.38000 	    0.67900 	   -3.90747
  19.39000 	    0.63962 	   -3.96755
  19.40000 	    0.59965 	   -4.02451
  19.41000 	    0.55913 	   -4.07821
  19.42000 	    0.51808 	   -4.12852
  19.43000 	    0.47655 	   -4.17531
  19.44000 	    0.43458 	   -4.21846
  19.45000 	    0.39219 	   -4.25786
  19.46000 	    0.34942 	   -4.29340
  19.47000 	    0.30632 	   -4.32498
  19.48000 	    0.26292 	   -4.35252
  19.49000 	    0.21927 	   -4.37594
  19.50000 	    0.17540 	   -4.39517
  19.51000 	    0.13136 	   -4.41015
  19.52000 	    0.08720 	   -4.42085
  19.53000 	    0.04295 	   -4.42722
  19.54000 	   -0.00135 	   -4.42926
  19.55000 	   -0.04564 	   -4.42696
  19.56000 	   -0.08989 	   -4.42032
  19.57000 	   -0.13404 	   -4.40936
  19.58000 	   -0.17807 	   -4.39412
  19.59000 	   -0.22193 	   -4.37463
  19.60000 	   -0.26557 	   -4.35096
  19.61000 	   -0.30895 	   -4.32318
  19.62000 	   -0.35203 	   -4.29135
  19.63000 	   -0.39477 	   -4.25557
  19.64000 	   -0.43714 	   -4.21594
  19.65000 	   -0.47909 	   -4.17257
  19.66000 	   -0.52059 	   -4.12556
  19.67000 	   -0.56160 	   -4.07504
  19.68000 	   -0.60209 	   -4.02114
  19.69000 	   -0.64203 	   -3.96399
  19.70000 	   -0.68137 	   -3.90372
  19.71000 	   -0.72010 	   -3.84048
  19.72000 	   -0.75818 	   -3.77440
  19.73000 	   -0.79559 	   -3.70564
  19.74000 	   -0.83229 	   -3.63434
  19.75000 	   -0.86828 	   -3.56063
  19.76000 	   -0.90351 	   -3.48466
  19.77000 	   -0.93797 	   -3.40658
  19.78000 	   -0.97164 	   -3.32653
  19.79000 	   -1.00450 	   -3.24463
  19.80000 	   -1.03653 	   -3.16102
  19.81000 	   -1.06772 	   -3.07583
  19.82000 	   -1.09805 	   -2.98919
  19.83000 	   -1.12750 	   -2.90121
  19.84000 	   -1.15607 	   -2.81201
  19.85000 	   -1.18374 	   -2.72169
  19.86000 	   -1.21051 	   -2.63037
  19.87000 	   -1.23635 	   -2.53814
  19.88000 	   -1.26127 	   -2.44509
  19.89000 	   -1.28525 	   -2.35131
  19.90000 	   -1.30829 	   -2.25687
  19.91000 	   -1.33039 	   -2.16186
  19.92000 	   -1.35153 	   -2.06635
  19.93000 	   -1.37172 	   -1.97039
  19.94000 	   -1.39094 	   -1.87405
  19.95000 	   -1.40920 	   -1.77738
  19.96000 	   -1.42649 	   -1.68043
  19.97000 	   -1.44281 	   -1.58324
  19.98000 	   -1.45815 	   -1.48585
  19.99000 	   -1.47252 	   -1.38830
