t 	 u 	 du
   0.00000 	    1.57080 	    0.00000
   0.01000 	    1.57080 	   -0.09810
   0.02000 	    1.56982 	   -0.19620
   0.03000 	    1.56785 	   -0.29430
   0.04000 	    1.56491 	   -0.39240
   0.05000 	    1.56099 	   -0.49050
   0.06000 	    1.55608 	   -0.58859
   0.07000 	    1.55020 	   -0.68668
   0.08000 	    1.54333 	   -0.78476
   0.09000 	    1.53548 	   -0.88282
   0.10000 	    1.52665 	   -0.98086
   0.11000 	    1.51684 	   -1.07887
   0.12000 	    1.50606 	   -1.17683
   0.13000 	    1.49429 	   -1.27472
   0.14000 	    1.48154 	   -1.37253
   0.15000 	    1.46781 	   -1.47024
   0.16000 	    1.45311 	   -1.56782
   0.17000 	    1.43743 	   -1.66524
   0.18000 	    1.42078 	   -1.76247
   0.19000 	    1.40316 	   -1.85947
   0.20000 	    1.38456 	   -1.95620
   0.21000 	    1.36500 	   -2.05260
   0.22000 	    1.34447 	   -2.14863
   0.23000 	    1.32299 	   -2.24423
   0.24000 	    1.30055 	   -2.33933
   0.25000 	    1.27715 	   -2.43387
   0.26000 	    1.25281 	   -2.52777
   0.27000 	    1.22754 	   -2.62095
   0.28000 	    1.20133 	   -2.71333
   0.29000 	    1.17419 	   -2.80481
   0.30000 	    1.14614 	   -2.89530
   0.31000 	    1.11719 	   -2.98468
   0.32000 	    1.08735 	   -3.07286
   0.33000 	    1.05662 	   -3.15972
   0.34000 	    1.02502 	   -3.24513
   0.35000 	    0.99257 	   -3.32898
   0.36000 	    0.95928 	   -3.41114
   0.37000 	    0.92517 	   -3.49146
   0.38000 	    0.89025 	   -3.56981
   0.39000 	    0.85455 	   -3.64606
   0.40000 	    0.81809 	   -3.72005
   0.41000 	    0.78089 	   -3.79165
   0.42000 	    0.74298 	   -3.86070
   0.43000 	    0.70437 	   -3.92707
   0.44000 	    0.66510 	   -3.99059
   0.45000 	    0.62519 	   -4.05113
   0.46000 	    0.58468 	   -4.10855
   0.47000 	    0.54360 	   -4.16269
   0.48000 	    0.50197 	   -4.21343
   0.49000 	    0.45983 	   -4.26063
   0.50000 	    0.41723 	   -4.30417
   0.51000 	    0.37419 	   -4.34392
   0.52000 	    0.33075 	   -4.37978
   0.53000 	    0.28695 	   -4.41164
   0.54000 	    0.24283 	   -4.43940
   0.55000 	    0.19844 	   -4.46299
   0.56000 	    0.15381 	   -4.48233
   0.57000 	    0.10899 	   -4.49736
   0.58000 	    0.06401 	   -4.50803
   0.59000 	    0.01893 	   -4.51430
   0.60000 	   -0.02621 	   -4.51616
   0.61000 	   -0.07137 	   -4.51359
   0.62000 	   -0.11651 	   -4.50660
   0.63000 	   -0.16157 	   -4.49519
   0.64000 	   -0.20653 	   -4.47941
   0.65000 	   -0.25132 	   -4.45929
   0.66000 	   -0.29591 	   -4.43490
   0.67000 	   -0.34026 	   -4.40629
   0.68000 	   -0.38433 	   -4.37355
   0.69000 	   -0.42806 	   -4.33677
   0.70000 	   -0.47143 	   -4.29605
   0.71000 	   -0.51439 	   -4.25150
   0.72000 	   -0.55690 	   -4.20323
   0.73000 	   -0.59894 	   -4.15138
   0.74000 	   -0.64045 	   -4.09607
   0.75000 	   -0.68141 	   -4.03745
   0.76000 	   -0.72179 	   -3.97566
   0.77000 	   -0.76154 	   -3.91084
   0.78000 	   -0.80065 	   -3.84315
   0.79000 	   -0.83908 	   -3.77273
   0.80000 	   -0.87681 	   -3.69974
   0.81000 	   -0.91381 	   -3.62433
   0.82000 	   -0.95005 	   -3.54666
   0.83000 	   -0.98552 	   -3.46686
   0.84000 	   -1.02018 	   -3.38508
   0.85000 	   -1.05404 	   -3.30148
   0.86000 	   -1.08705 	   -3.21619
   0.87000 	   -1.11921 	   -3.12935
   0.88000 	   -1.15051 	   -3.04108
   0.89000 	   -1.18092 	   -2.95152
   0.90000 	   -1.21043 	   -2.86078
   0.91000 	   -1.23904 	   -2.76898
   0.92000 	   -1.26673 	   -2.67623
   0.93000 	   -1.29349 	   -2.58263
   0.94000 	   -1.31932 	   -2.48828
   0.95000 	   -1.34420 	   -2.39327
   0.96000 	   -1.36813 	   -2.29767
   0.97000 	   -1.39111 	   -2.20158
   0.98000 	   -1.41313 	   -2.10506
   0.99000 	   -1.43418 	   -2.00818
   1.00000 	   -1.45426 	   -1.91099
   1.01000 	   -1.47337 	   -1.81356
   1.02000 	   -1.49150 	   -1.71592
   1.03000 	   -1.50866 	   -1.61813
   1.04000 	   -1.52484 	   -1.52022
   1.05000 	   -1.54005 	   -1.42222
   1.06000 	   -1.55427 	   -1.32417
   1.07000 	   -1.56751 	   -1.22608
   1.08000 	   -1.57977 	   -1.12798
   1.09000 	   -1.59105 	   -1.02989
   1.10000 	   -1.60135 	   -0.93181
   1.11000 	   -1.61067 	   -0.83375
   1.12000 	   -1.61901 	   -0.73573
   1.13000 	   -1.62636 	   -0.63775
   1.14000 	   -1.63274 	   -0.53980
   1.15000 	   -1.63814 	   -0.44189
   1.16000 	   -1.64256 	   -0.34401
   1.17000 	   -1.64600 	   -0.24616
   1.18000 	   -1.64846 	   -0.14834
   1.19000 	   -1.64994 	   -0.05053
   1.20000 	   -1.65045 	    0.04726
   1.21000 	   -1.64998 	    0.14505
   1.22000 	   -1.64852 	    0.24284
   1.23000 	   -1.64610 	    0.34065
   1.24000 	   -1.64269 	    0.43847
   1.25000 	   -1.63831 	    0.53631
   1.26000 	   -1.63294 	    0.63419
   1.27000 	   -1.62660 	    0.73210
   1.28000 	   -1.61928 	    0.83005
   1.29000 	   -1.61098 	    0.92803
   1.30000 	   -1.60170 	    1.02605
   1.31000 	   -1.59144 	    1.12411
   1.32000 	   -1.58020 	    1.22219
   1.33000 	   -1.56797 	    1.32028
   1.34000 	   -1.55477 	    1.41838
   1.35000 	   -1.54059 	    1.51647
   1.36000 	   -1.52542 	    1.61452
   1.37000 	   -1.50928 	    1.71252
   1.38000 	   -1.49215 	    1.81044
   1.39000 	   -1.47405 	    1.90823
   1.40000 	   -1.45497 	    2.00588
   1.41000 	   -1.43491 	    2.10332
   1.42000 	   -1.41387 	    2.20051
   1.43000 	   -1.39187 	    2.29741
   1.44000 	   -1.36890 	    2.39394
   1.45000 	   -1.34496 	    2.49005
   1.46000 	   -1.32006 	    2.58566
   1.47000 	   -1.29420 	    2.68069
   1.48000 	   -1.26739 	    2.77506
   1.49000 	   -1.23964 	    2.86868
   1.50000 	   -1.21095 	    2.96145
   1.51000 	   -1.18134 	    3.05327
   1.52000 	   -1.15081 	    3.14402
   1.53000 	   -1.11937 	    3.23360
   1.54000 	   -1.08703 	    3.32187
   1.55000 	   -1.05381 	    3.40871
   1.56000 	   -1.01973 	    3.49399
   1.57000 	   -0.98479 	    3.57757
   1.58000 	   -0.94901 	    3.65930
   1.59000 	   -0.91242 	    3.73904
   1.60000 	   -0.87503 	    3.81664
   1.61000 	   -0.83686 	    3.89193
   1.62000 	   -0.79794 	    3.96478
   1.63000 	   -0.75829 	    4.03501
   1.64000 	   -0.71794 	    4.10247
   1.65000 	   -0.67692 	    4.16701
   1.66000 	   -0.63525 	    4.22845
   1.67000 	   -0.59296 	    4.28667
   1.68000 	   -0.55010 	    4.34149
   1.69000 	   -0.50668 	    4.39277
   1.70000 	   -0.46275 	    4.44037
   1.71000 	   -0.41835 	    4.48417
   1.72000 	   -0.37351 	    4.52402
   1.73000 	   -0.32827 	    4.55982
   1.74000 	   -0.28267 	    4.59144
   1.75000 	   -0.23676 	    4.61881
   1.76000 	   -0.19057 	    4.64182
   1.77000 	   -0.14415 	    4.66040
   1.78000 	   -0.09755 	    4.67449
   1.79000 	   -0.05080 	    4.68404
   1.80000 	   -0.00396 	    4.68903
   1.81000 	    0.04293 	    4.68941
   1.82000 	    0.08982 	    4.68520
   1.83000 	    0.13668 	    4.67640
   1.84000 	    0.18344 	    4.66304
   1.85000 	    0.23007 	    4.64514
   1.86000 	    0.27652 	    4.62277
   1.87000 	    0.32275 	    4.59599
   1.88000 	    0.36871 	    4.56487
   1.89000 	    0.41436 	    4.52952
   1.90000 	    0.45965 	    4.49002
   1.91000 	    0.50455 	    4.44650
   1.92000 	    0.54902 	    4.39908
   1.93000 	    0.59301 	    4.34789
   1.94000 	    0.63649 	    4.29306
   1.95000 	    0.67942 	    4.23475
   1.96000 	    0.72177 	    4.17311
   1.97000 	    0.76350 	    4.10830
   1.98000 	    0.80458 	    4.04047
   1.99000 	    0.84499 	    3.96978
   2.00000 	    0.88468 	    3.89641
   2.01000 	    0.92365 	    3.82050
   2.02000 	    0.96185 	    3.74224
   2.03000 	    0.99927 	    3.66177
   2.04000 	    1.03589 	    3.57926
   2.05000 	    1.07168 	    3.49487
   2.06000 	    1.10663 	    3.40873
   2.07000 	    1.14072 	    3.32101
   2.08000 	    1.17393 	    3.23185
   2.09000 	    1.20625 	    3.14137
   2.10000 	    1.23766 	    3.04972
   2.11000 	    1.26816 	    2.95701
   2.12000 	    1.29773 	    2.86337
   2.13000 	    1.32636 	    2.76890
   2.14000 	    1.35405 	    2.67372
   2.15000 	    1.38079 	    2.57791
   2.16000 	    1.40657 	    2.48158
   2.17000 	    1.43139 	    2.38480
   2.18000 	    1.45523 	    2.28765
   2.19000 	    1.47811 	    2.19021
   2.20000 	    1.50001 	    2.09253
   2.21000 	    1.52094 	    1.99467
   2.22000 	    1.54088 	    1.89669
   2.23000 	    1.55985 	    1.79864
   2.24000 	    1.57784 	    1.70054
   2.25000 	    1.59484 	    1.60245
   2.26000 	    1.61087 	    1.50437
   2.27000 	    1.62591 	    1.40635
   2.28000 	    1.63997 	    1.30840
   2.29000 	    1.65306 	    1.21054
   2.30000 	    1.66516 	    1.11277
   2.31000 	    1.67629 	    1.01511
   2.32000 	    1.68644 	    0.91755
   2.33000 	    1.69562 	    0.82011
   2.34000 	    1.70382 	    0.72277
   2.35000 	    1.71105 	    0.62554
   2.36000 	    1.71730 	    0.52840
   2.37000 	    1.72259 	    0.43135
   2.38000 	    1.72690 	    0.33438
   2.39000 	    1.73024 	    0.23747
   2.40000 	    1.73262 	    0.14062
   2.41000 	    1.73402 	    0.04380
   2.42000 	    1.73446 	   -0.05300
   2.43000 	    1.73393 	   -0.14979
   2.44000 	    1.73243 	   -0.24659
   2.45000 	    1.72997 	   -0.34341
   2.46000 	    1.72653 	   -0.44027
   2.47000 	    1.72213 	   -0.53718
   2.48000 	    1.71676 	   -0.63416
   2.49000 	    1.71042 	   -0.73122
   2.50000 	    1.70311 	   -0.82836
   2.51000 	    1.69482 	   -0.92560
   2.52000 	    1.68557 	   -1.02295
   2.53000 	    1.67534 	   -1.12040
   2.54000 	    1.66413 	   -1.21797
   2.55000 	    1.65195 	   -1.31564
   2.56000 	    1.63880 	   -1.41342
   2.57000 	    1.62466 	   -1.51129
   2.58000 	    1.60955 	   -1.60925
   2.59000 	    1.59346 	   -1.70728
   2.60000 	    1.57638 	   -1.80535
   2.61000 	    1.55833 	   -1.90345
   2.62000 	    1.53930 	   -2.00154
   2.63000 	    1.51928 	   -2.09959
   2.64000 	    1.49829 	   -2.19756
   2.65000 	    1.47631 	   -2.29540
   2.66000 	    1.45336 	   -2.39307
   2.67000 	    1.42942 	   -2.49049
   2.68000 	    1.40452 	   -2.58761
   2.69000 	    1.37864 	   -2.68436
   2.70000 	    1.35180 	   -2.78065
   2.71000 	    1.32399 	   -2.87641
   2.72000 	    1.29523 	   -2.97154
   2.73000 	    1.26551 	   -3.06594
   2.74000 	    1.23485 	   -3.15950
   2.75000 	    1.20326 	   -3.25212
   2.76000 	    1.17074 	   -3.34367
   2.77000 	    1.13730 	   -3.43402
   2.78000 	    1.10296 	   -3.52305
   2.79000 	    1.06773 	   -3.61061
   2.80000 	    1.03163 	   -3.69655
   2.81000 	    0.99466 	   -3.78073
   2.82000 	    0.95685 	   -3.86300
   2.83000 	    0.91822 	   -3.94318
   2.84000 	    0.87879 	   -4.02113
   2.85000 	    0.83858 	   -4.09666
   2.86000 	    0.79761 	   -4.16962
   2.87000 	    0.75592 	   -4.23983
   2.88000 	    0.71352 	   -4.30712
   2.89000 	    0.67045 	   -4.37132
   2.90000 	    0.62673 	   -4.43228
   2.91000 	    0.58241 	   -4.48981
   2.92000 	    0.53751 	   -4.54377
   2.93000 	    0.49208 	   -4.59400
   2.94000 	    0.44614 	   -4.64035
   2.95000 	    0.39973 	   -4.68268
   2.96000 	    0.35291 	   -4.72085
   2.97000 	    0.30570 	   -4.75476
   2.98000 	    0.25815 	   -4.78428
   2.99000 	    0.21031 	   -4.80933
   3.00000 	    0.16221 	   -4.82981
   3.01000 	    0.11391 	   -4.84565
   3.02000 	    0.06546 	   -4.85680
   3.03000 	    0.01689 	   -4.86322
   3.04000 	   -0.03174 	   -4.86487
   3.05000 	   -0.08039 	   -4.86176
   3.06000 	   -0.12901 	   -4.85388
   3.07000 	   -0.17755 	   -4.84126
   3.08000 	   -0.22596 	   -4.82394
   3.09000 	   -0.27420 	   -4.80196
   3.10000 	   -0.32222 	   -4.77540
   3.11000 	   -0.36997 	   -4.74433
   3.12000 	   -0.41742 	   -4.70886
   3.13000 	   -0.46450 	   -4.66909
   3.14000 	   -0.51120 	   -4.62514
   3.15000 	   -0.55745 	   -4.57715
   3.16000 	   -0.60322 	   -4.52525
   3.17000 	   -0.64847 	   -4.46960
   3.18000 	   -0.69317 	   -4.41035
   3.19000 	   -0.73727 	   -4.34767
   3.20000 	   -0.78075 	   -4.28172
   3.21000 	   -0.82356 	   -4.21267
   3.22000 	   -0.86569 	   -4.14071
   3.23000 	   -0.90710 	   -4.06600
   3.24000 	   -0.94776 	   -3.98873
   3.25000 	   -0.98765 	   -3.90906
   3.26000 	   -1.02674 	   -3.82717
   3.27000 	   -1.06501 	   -3.74324
   3.28000 	   -1.10244 	   -3.65742
   3.29000 	   -1.13901 	   -3.56988
   3.30000 	   -1.17471 	   -3.48079
   3.31000 	   -1.20952 	   -3.39028
   3.32000 	   -1.24342 	   -3.29852
   3.33000 	   -1.27641 	   -3.20563
   3.34000 	   -1.30847 	   -3.11175
   3.35000 	   -1.33958 	   -3.01700
   3.36000 	   -1.36975 	   -2.92151
   3.37000 	   -1.39897 	   -2.82539
   3.38000 	   -1.42722 	   -2.72873
   3.39000 	   -1.45451 	   -2.63164
   3.40000 	   -1.48083 	   -2.53420
   3.41000 	   -1.50617 	   -2.43650
   3.42000 	   -1.53053 	   -2.33861
   3.43000 	   -1.55392 	   -2.24059
   3.44000 	   -1.57632 	   -2.14250
   3.45000 	   -1.59775 	   -2.04440
   3.46000 	   -1.61819 	   -1.94634
   3.47000 	   -1.63766 	   -1.84835
   3.48000 	   -1.65614 	   -1.75047
   3.49000 	   -1.67364 	   -1.65272
   3.50000 	   -1.69017 	   -1.55514
   3.51000 	   -1.70572 	   -1.45774
   3.52000 	   -1.72030 	   -1.36053
   3.53000 	   -1.73391 	   -1.26353
   3.54000 	   -1.74654 	   -1.16673
   3.55000 	   -1.75821 	   -1.07014
   3.56000 	   -1.76891 	   -0.97376
   3.57000 	   -1.77865 	   -0.87758
   3.58000 	   -1.78742 	   -0.78159
   3.59000 	   -1.79524 	   -0.68578
   3.60000 	   -1.80210 	   -0.59014
   3.61000 	   -1.80800 	   -0.49465
   3.62000 	   -1.81295 	   -0.39930
   3.63000 	   -1.81694 	   -0.30406
   3.64000 	   -1.81998 	   -0.20892
   3.65000 	   -1.82207 	   -0.11385
   3.66000 	   -1.82321 	   -0.01883
   3.67000 	   -1.82339 	    0.07616
   3.68000 	   -1.82263 	    0.17115
   3.69000 	   -1.82092 	    0.26616
   3.70000 	   -1.81826 	    0.36120
   3.71000 	   -1.81465 	    0.45631
   3.72000 	   -1.81008 	    0.55151
   3.73000 	   -1.80457 	    0.64682
   3.74000 	   -1.79810 	    0.74225
   3.75000 	   -1.79068 	    0.83782
   3.76000 	   -1.78230 	    0.93356
   3.77000 	   -1.77297 	    1.02948
   3.78000 	   -1.76267 	    1.12558
   3.79000 	   -1.75141 	    1.22188
   3.80000 	   -1.73920 	    1.31838
   3.81000 	   -1.72601 	    1.41510
   3.82000 	   -1.71186 	    1.51202
   3.83000 	   -1.69674 	    1.60914
   3.84000 	   -1.68065 	    1.70646
   3.85000 	   -1.66358 	    1.80397
   3.86000 	   -1.64555 	    1.90165
   3.87000 	   -1.62653 	    1.99948
   3.88000 	   -1.60653 	    2.09742
   3.89000 	   -1.58556 	    2.19546
   3.90000 	   -1.56360 	    2.29355
   3.91000 	   -1.54067 	    2.39165
   3.92000 	   -1.51675 	    2.48970
   3.93000 	   -1.49186 	    2.58766
   3.94000 	   -1.46598 	    2.68546
   3.95000 	   -1.43912 	    2.78302
   3.96000 	   -1.41129 	    2.88027
   3.97000 	   -1.38249 	    2.97712
   3.98000 	   -1.35272 	    3.07349
   3.99000 	   -1.32199 	    3.16927
   4.00000 	   -1.29029 	    3.26434
   4.01000 	   -1.25765 	    3.35861
   4.02000 	   -1.22406 	    3.45194
   4.03000 	   -1.18954 	    3.54420
   4.04000 	   -1.15410 	    3.63526
   4.05000 	   -1.11775 	    3.72496
   4.06000 	   -1.08050 	    3.81317
   4.07000 	   -1.04237 	    3.89971
   4.08000 	   -1.00337 	    3.98443
   4.09000 	   -0.96353 	    4.06716
   4.10000 	   -0.92286 	    4.14772
   4.11000 	   -0.88138 	    4.22593
   4.12000 	   -0.83912 	    4.30163
   4.13000 	   -0.79610 	    4.37462
   4.14000 	   -0.75236 	    4.44473
   4.15000 	   -0.70791 	    4.51177
   4.16000 	   -0.66279 	    4.57555
   4.17000 	   -0.61704 	    4.63592
   4.18000 	   -0.57068 	    4.69268
   4.19000 	   -0.52375 	    4.74567
   4.20000 	   -0.47629 	    4.79474
   4.21000 	   -0.42835 	    4.83971
   4.22000 	   -0.37995 	    4.88046
   4.23000 	   -0.33114 	    4.91684
   4.24000 	   -0.28198 	    4.94874
   4.25000 	   -0.23249 	    4.97604
   4.26000 	   -0.18273 	    4.99864
   4.27000 	   -0.13274 	    5.01646
   4.28000 	   -0.08258 	    5.02945
   4.29000 	   -0.03228 	    5.03754
   4.30000 	    0.01809 	    5.04071
   4.31000 	    0.06850 	    5.03893
   4.32000 	    0.11889 	    5.03222
   4.33000 	    0.16921 	    5.02058
   4.34000 	    0.21942 	    5.00406
   4.35000 	    0.26946 	    4.98271
   4.36000 	    0.31929 	    4.95659
   4.37000 	    0.36885 	    4.92580
   4.38000 	    0.41811 	    4.89043
   4.39000 	    0.46701 	    4.85060
   4.40000 	    0.51552 	    4.80643
   4.41000 	    0.56358 	    4.75807
   4.42000 	    0.61116 	    4.70566
   4.43000 	    0.65822 	    4.64937
   4.44000 	    0.70471 	    4.58936
   4.45000 	    0.75061 	    4.52581
   4.46000 	    0.79587 	    4.45890
   4.47000 	    0.84046 	    4.38881
   4.48000 	    0.88434 	    4.31573
   4.49000 	    0.92750 	    4.23985
   4.50000 	    0.96990 	    4.16136
   4.51000 	    1.01151 	    4.08044
   4.52000 	    1.05232 	    3.99729
   4.53000 	    1.09229 	    3.91208
   4.54000 	    1.13141 	    3.82500
   4.55000 	    1.16966 	    3.73622
   4.56000 	    1.20702 	    3.64591
   4.57000 	    1.24348 	    3.55423
   4.58000 	    1.27902 	    3.46133
   4.59000 	    1.31364 	    3.36738
   4.60000 	    1.34731 	    3.27251
   4.61000 	    1.38004 	    3.17685
   4.62000 	    1.41181 	    3.08052
   4.63000 	    1.44261 	    2.98366
   4.64000 	    1.47245 	    2.88637
   4.65000 	    1.50131 	    2.78874
   4.66000 	    1.52920 	    2.69088
   4.67000 	    1.55611 	    2.59286
   4.68000 	    1.58204 	    2.49477
   4.69000 	    1.60698 	    2.39668
   4.70000 	    1.63095 	    2.29864
   4.71000 	    1.65394 	    2.20072
   4.72000 	    1.67594 	    2.10296
   4.73000 	    1.69697 	    2.00540
   4.74000 	    1.71703 	    1.90808
   4.75000 	    1.73611 	    1.81103
   4.76000 	    1.75422 	    1.71427
   4.77000 	    1.77136 	    1.61781
   4.78000 	    1.78754 	    1.52168
   4.79000 	    1.80276 	    1.42587
   4.80000 	    1.81701 	    1.33040
   4.81000 	    1.83032 	    1.23526
   4.82000 	    1.84267 	    1.14044
   4.83000 	    1.85408 	    1.04595
   4.84000 	    1.86454 	    0.95176
   4.85000 	    1.87405 	    0.85786
   4.86000 	    1.88263 	    0.76424
   4.87000 	    1.89027 	    0.67087
   4.88000 	    1.89698 	    0.57773
   4.89000 	    1.90276 	    0.48480
   4.90000 	    1.90761 	    0.39206
   4.91000 	    1.91153 	    0.29947
   4.92000 	    1.91452 	    0.20701
   4.93000 	    1.91659 	    0.11465
   4.94000 	    1.91774 	    0.02236
   4.95000 	    1.91796 	   -0.06990
   4.96000 	    1.91726 	   -0.16215
   4.97000 	    1.91564 	   -0.25442
   4.98000 	    1.91310 	   -0.34674
   4.99000 	    1.90963 	   -0.43915
   5.00000 	    1.90524 	   -0.53167
   5.01000 	    1.89992 	   -0.62434
   5.02000 	    1.89368 	   -0.71717
   5.03000 	    1.88651 	   -0.81020
   5.04000 	    1.87841 	   -0.90345
   5.05000 	    1.86937 	   -0.99695
   5.06000 	    1.85940 	   -1.09071
   5.07000 	    1.84849 	   -1.18475
   5.08000 	    1.83665 	   -1.27909
   5.09000 	    1.82386 	   -1.37375
   5.10000 	    1.81012 	   -1.46872
   5.11000 	    1.79543 	   -1.56403
   5.12000 	    1.77979 	   -1.65966
   5.13000 	    1.76319 	   -1.75563
   5.14000 	    1.74564 	   -1.85192
   5.15000 	    1.72712 	   -1.94852
   5.16000 	    1.70763 	   -2.04542
   5.17000 	    1.68718 	   -2.14261
   5.18000 	    1.66575 	   -2.24004
   5.19000 	    1.64335 	   -2.33770
   5.20000 	    1.61998 	   -2.43554
   5.21000 	    1.59562 	   -2.53353
   5.22000 	    1.57029 	   -2.63160
   5.23000 	    1.54397 	   -2.72970
   5.24000 	    1.51667 	   -2.82776
   5.25000 	    1.48840 	   -2.92572
   5.26000 	    1.45914 	   -3.02348
   5.27000 	    1.42890 	   -3.12097
   5.28000 	    1.39769 	   -3.21809
   5.29000 	    1.36551 	   -3.31472
   5.30000 	    1.33237 	   -3.41076
   5.31000 	    1.29826 	   -3.50609
   5.32000 	    1.26320 	   -3.60056
   5.33000 	    1.22719 	   -3.69406
   5.34000 	    1.19025 	   -3.78643
   5.35000 	    1.15239 	   -3.87751
   5.36000 	    1.11361 	   -3.96715
   5.37000 	    1.07394 	   -4.05517
   5.38000 	    1.03339 	   -4.14141
   5.39000 	    0.99197 	   -4.22568
   5.40000 	    0.94972 	   -4.30780
   5.41000 	    0.90664 	   -4.38758
   5.42000 	    0.86276 	   -4.46483
   5.43000 	    0.81812 	   -4.53935
   5.44000 	    0.77272 	   -4.61095
   5.45000 	    0.72661 	   -4.67943
   5.46000 	    0.67982 	   -4.74460
   5.47000 	    0.63237 	   -4.80627
   5.48000 	    0.58431 	   -4.86426
   5.49000 	    0.53567 	   -4.91837
   5.50000 	    0.48648 	   -4.96844
   5.51000 	    0.43680 	   -5.01431
   5.52000 	    0.38666 	   -5.05581
   5.53000 	    0.33610 	   -5.09280
   5.54000 	    0.28517 	   -5.12515
   5.55000 	    0.23392 	   -5.15275
   5.56000 	    0.18239 	   -5.17549
   5.57000 	    0.13064 	   -5.19328
   5.58000 	    0.07870 	   -5.20606
   5.59000 	    0.02664 	   -5.21377
   5.60000 	   -0.02550 	   -5.21639
   5.61000 	   -0.07766 	   -5.21389
   5.62000 	   -0.12980 	   -5.20628
   5.63000 	   -0.18186 	   -5.19358
   5.64000 	   -0.23380 	   -5.17584
   5.65000 	   -0.28556 	   -5.15311
   5.66000 	   -0.33709 	   -5.12547
   5.67000 	   -0.38834 	   -5.09303
   5.68000 	   -0.43927 	   -5.05588
   5.69000 	   -0.48983 	   -5.01416
   5.70000 	   -0.53997 	   -4.96801
   5.71000 	   -0.58965 	   -4.91758
   5.72000 	   -0.63883 	   -4.86302
   5.73000 	   -0.68746 	   -4.80453
   5.74000 	   -0.73550 	   -4.74228
   5.75000 	   -0.78293 	   -4.67646
   5.76000 	   -0.82969 	   -4.60726
   5.77000 	   -0.87576 	   -4.53489
   5.78000 	   -0.92111 	   -4.45955
   5.79000 	   -0.96571 	   -4.38143
   5.80000 	   -1.00952 	   -4.30075
   5.81000 	   -1.05253 	   -4.21770
   5.82000 	   -1.09471 	   -4.13249
   5.83000 	   -1.13603 	   -4.04529
   5.84000 	   -1.17648 	   -3.95632
   5.85000 	   -1.21605 	   -3.86575
   5.86000 	   -1.25471 	   -3.77376
   5.87000 	   -1.29244 	   -3.68052
   5.88000 	   -1.32925 	   -3.58619
   5.89000 	   -1.36511 	   -3.49094
   5.90000 	   -1.40002 	   -3.39491
   5.91000 	   -1.43397 	   -3.29824
   5.92000 	   -1.46695 	   -3.20105
   5.93000 	   -1.49896 	   -3.10348
   5.94000 	   -1.53000 	   -3.00563
   5.95000 	   -1.56005 	   -2.90762
   5.96000 	   -1.58913 	   -2.80952
   5.97000 	   -1.61722 	   -2.71144
   5.98000 	   -1.64434 	   -2.61344
   5.99000 	   -1.67047 	   -2.51561
   6.00000 	   -1.69563 	   -2.41800
   6.01000 	   -1.71981 	   -2.32066
   6.02000 	   -1.74302 	   -2.22365
   6.03000 	   -1.76525 	   -2.12700
   6.04000 	   -1.78652 	   -2.03075
   6.05000 	   -1.80683 	   -1.93492
   6.06000 	   -1.82618 	   -1.83954
   6.07000 	   -1.84457 	   -1.74462
   6.08000 	   -1.86202 	   -1.65018
   6.09000 	   -1.87852 	   -1.55621
   6.10000 	   -1.89408 	   -1.46271
   6.11000 	   -1.90871 	   -1.36970
   6.12000 	   -1.92241 	   -1.27714
   6.13000 	   -1.93518 	   -1.18505
   6.14000 	   -1.94703 	   -1.09339
   6.15000 	   -1.95796 	   -1.00215
   6.16000 	   -1.96799 	   -0.91131
   6.17000 	   -1.97710 	   -0.82085
   6.18000 	   -1.98531 	   -0.73073
   6.19000 	   -1.99261 	   -0.64094
   6.20000 	   -1.99902 	   -0.55144
   6.21000 	   -2.00454 	   -0.46220
   6.22000 	   -2.00916 	   -0.37318
   6.23000 	   -2.01289 	   -0.28436
   6.24000 	   -2.01574 	   -0.19569
   6.25000 	   -2.01769 	   -0.10714
   6.26000 	   -2.01876 	   -0.01867
   6.27000 	   -2.01895 	    0.06975
   6.28000 	   -2.01825 	    0.15816
   6.29000 	   -2.01667 	    0.24660
   6.30000 	   -2.01421 	    0.33511
   6.31000 	   -2.01085 	    0.42372
   6.32000 	   -2.00662 	    0.51248
   6.33000 	   -2.00149 	    0.60141
   6.34000 	   -1.99548 	    0.69055
   6.35000 	   -1.98857 	    0.77993
   6.36000 	   -1.98077 	    0.86960
   6.37000 	   -1.97208 	    0.95957
   6.38000 	   -1.96248 	    1.04987
   6.39000 	   -1.95198 	    1.14054
   6.40000 	   -1.94058 	    1.23160
   6.41000 	   -1.92826 	    1.32307
   6.42000 	   -1.91503 	    1.41497
   6.43000 	   -1.90088 	    1.50732
   6.44000 	   -1.88581 	    1.60012
   6.45000 	   -1.86981 	    1.69339
   6.46000 	   -1.85287 	    1.78714
   6.47000 	   -1.83500 	    1.88136
   6.48000 	   -1.81619 	    1.97606
   6.49000 	   -1.79643 	    2.07122
   6.50000 	   -1.77571 	    2.16683
   6.51000 	   -1.75405 	    2.26288
   6.52000 	   -1.73142 	    2.35934
   6.53000 	   -1.70782 	    2.45618
   6.54000 	   -1.68326 	    2.55336
   6.55000 	   -1.65773 	    2.65084
   6.56000 	   -1.63122 	    2.74857
   6.57000 	   -1.60374 	    2.84649
   6.58000 	   -1.57527 	    2.94453
   6.59000 	   -1.54582 	    3.04263
   6.60000 	   -1.51540 	    3.14070
   6.61000 	   -1.48399 	    3.23865
   6.62000 	   -1.45161 	    3.33638
   6.63000 	   -1.41824 	    3.43379
   6.64000 	   -1.38390 	    3.53075
   6.65000 	   -1.34860 	    3.62714
   6.66000 	   -1.31232 	    3.72283
   6.67000 	   -1.27510 	    3.81767
   6.68000 	   -1.23692 	    3.91151
   6.69000 	   -1.19780 	    4.00419
   6.70000 	   -1.15776 	    4.09555
   6.71000 	   -1.11681 	    4.18540
   6.72000 	   -1.07495 	    4.27356
   6.73000 	   -1.03222 	    4.35985
   6.74000 	   -0.98862 	    4.44406
   6.75000 	   -0.94418 	    4.52600
   6.76000 	   -0.89892 	    4.60546
   6.77000 	   -0.85286 	    4.68224
   6.78000 	   -0.80604 	    4.75613
   6.79000 	   -0.75848 	    4.82691
   6.80000 	   -0.71021 	    4.89439
   6.81000 	   -0.66127 	    4.95835
   6.82000 	   -0.61168 	    5.01859
   6.83000 	   -0.56150 	    5.07492
   6.84000 	   -0.51075 	    5.12716
   6.85000 	   -0.45948 	    5.17511
   6.86000 	   -0.40773 	    5.21862
   6.87000 	   -0.35554 	    5.25752
   6.88000 	   -0.30296 	    5.29166
   6.89000 	   -0.25005 	    5.32093
   6.90000 	   -0.19684 	    5.34521
   6.91000 	   -0.14339 	    5.36439
   6.92000 	   -0.08974 	    5.37841
   6.93000 	   -0.03596 	    5.38720
   6.94000 	    0.01791 	    5.39073
   6.95000 	    0.07182 	    5.38897
   6.96000 	    0.12571 	    5.38193
   6.97000 	    0.17953 	    5.36963
   6.98000 	    0.23323 	    5.35212
   6.99000 	    0.28675 	    5.32944
   7.00000 	    0.34004 	    5.30170
   7.01000 	    0.39306 	    5.26898
   7.02000 	    0.44575 	    5.23140
   7.03000 	    0.49806 	    5.18911
   7.04000 	    0.54995 	    5.14225
   7.05000 	    0.60138 	    5.09097
   7.06000 	    0.65229 	    5.03547
   7.07000 	    0.70264 	    4.97592
   7.08000 	    0.75240 	    4.91253
   7.09000 	    0.80153 	    4.84549
   7.10000 	    0.84998 	    4.77501
   7.11000 	    0.89773 	    4.70131
   7.12000 	    0.94474 	    4.62461
   7.13000 	    0.99099 	    4.54511
   7.14000 	    1.03644 	    4.46304
   7.15000 	    1.08107 	    4.37862
   7.16000 	    1.12486 	    4.29205
   7.17000 	    1.16778 	    4.20354
   7.18000 	    1.20981 	    4.11330
   7.19000 	    1.25095 	    4.02152
   7.20000 	    1.29116 	    3.92840
   7.21000 	    1.33045 	    3.83411
   7.22000 	    1.36879 	    3.73883
   7.23000 	    1.40617 	    3.64273
   7.24000 	    1.44260 	    3.54595
   7.25000 	    1.47806 	    3.44866
   7.26000 	    1.51255 	    3.35098
   7.27000 	    1.54606 	    3.25304
   7.28000 	    1.57859 	    3.15497
   7.29000 	    1.61014 	    3.05688
   7.30000 	    1.64071 	    2.95885
   7.31000 	    1.67030 	    2.86099
   7.32000 	    1.69891 	    2.76338
   7.33000 	    1.72654 	    2.66608
   7.34000 	    1.75320 	    2.56917
   7.35000 	    1.77889 	    2.47270
   7.36000 	    1.80362 	    2.37671
   7.37000 	    1.82739 	    2.28126
   7.38000 	    1.85020 	    2.18637
   7.39000 	    1.87206 	    2.09208
   7.40000 	    1.89298 	    1.99839
   7.41000 	    1.91297 	    1.90534
   7.42000 	    1.93202 	    1.81293
   7.43000 	    1.95015 	    1.72116
   7.44000 	    1.96736 	    1.63003
   7.45000 	    1.98366 	    1.53955
   7.46000 	    1.99906 	    1.44969
   7.47000 	    2.01355 	    1.36045
   7.48000 	    2.02716 	    1.27181
   7.49000 	    2.03988 	    1.18375
   7.50000 	    2.05171 	    1.09625
   7.51000 	    2.06268 	    1.00927
   7.52000 	    2.07277 	    0.92280
   7.53000 	    2.08200 	    0.83680
   7.54000 	    2.09037 	    0.75125
   7.55000 	    2.09788 	    0.66609
   7.56000 	    2.10454 	    0.58131
   7.57000 	    2.11035 	    0.49685
   7.58000 	    2.11532 	    0.41269
   7.59000 	    2.11945 	    0.32878
   7.60000 	    2.12273 	    0.24507
   7.61000 	    2.12519 	    0.16154
   7.62000 	    2.12680 	    0.07813
   7.63000 	    2.12758 	   -0.00519
   7.64000 	    2.12753 	   -0.08847
   7.65000 	    2.12665 	   -0.17176
   7.66000 	    2.12493 	   -0.25509
   7.67000 	    2.12238 	   -0.33851
   7.68000 	    2.11899 	   -0.42206
   7.69000 	    2.11477 	   -0.50579
   7.70000 	    2.10971 	   -0.58973
   7.71000 	    2.10382 	   -0.67392
   7.72000 	    2.09708 	   -0.75841
   7.73000 	    2.08949 	   -0.84324
   7.74000 	    2.08106 	   -0.92843
   7.75000 	    2.07178 	   -1.01404
   7.76000 	    2.06164 	   -1.10008
   7.77000 	    2.05064 	   -1.18660
   7.78000 	    2.03877 	   -1.27362
   7.79000 	    2.02603 	   -1.36118
   7.80000 	    2.01242 	   -1.44928
   7.81000 	    1.99793 	   -1.53797
   7.82000 	    1.98255 	   -1.62726
   7.83000 	    1.96628 	   -1.71716
   7.84000 	    1.94910 	   -1.80769
   7.85000 	    1.93103 	   -1.89885
   7.86000 	    1.91204 	   -1.99065
   7.87000 	    1.89213 	   -2.08310
   7.88000 	    1.87130 	   -2.17618
   7.89000 	    1.84954 	   -2.26988
   7.90000 	    1.82684 	   -2.36419
   7.91000 	    1.80320 	   -2.45910
   7.92000 	    1.77861 	   -2.55456
   7.93000 	    1.75306 	   -2.65055
   7.94000 	    1.72656 	   -2.74702
   7.95000 	    1.69909 	   -2.84394
   7.96000 	    1.67065 	   -2.94123
   7.97000 	    1.64124 	   -3.03884
   7.98000 	    1.61085 	   -3.13670
   7.99000 	    1.57948 	   -3.23472
   8.00000 	    1.54713 	   -3.33281
   8.01000 	    1.51380 	   -3.43089
   8.02000 	    1.47950 	   -3.52883
   8.03000 	    1.44421 	   -3.62652
   8.04000 	    1.40794 	   -3.72383
   8.05000 	    1.37070 	   -3.82064
   8.06000 	    1.33250 	   -3.91678
   8.07000 	    1.29333 	   -4.01211
   8.08000 	    1.25321 	   -4.10646
   8.09000 	    1.21214 	   -4.19965
   8.10000 	    1.17015 	   -4.29151
   8.11000 	    1.12723 	   -4.38184
   8.12000 	    1.08341 	   -4.47045
   8.13000 	    1.03871 	   -4.55712
   8.14000 	    0.99314 	   -4.64166
   8.15000 	    0.94672 	   -4.72384
   8.16000 	    0.89948 	   -4.80345
   8.17000 	    0.85145 	   -4.88026
   8.18000 	    0.80265 	   -4.95406
   8.19000 	    0.75311 	   -5.02461
   8.20000 	    0.70286 	   -5.09170
   8.21000 	    0.65194 	   -5.15512
   8.22000 	    0.60039 	   -5.21464
   8.23000 	    0.54824 	   -5.27006
   8.24000 	    0.49554 	   -5.32119
   8.25000 	    0.44233 	   -5.36783
   8.26000 	    0.38865 	   -5.40983
   8.27000 	    0.33456 	   -5.44700
   8.28000 	    0.28009 	   -5.47921
   8.29000 	    0.22529 	   -5.50633
   8.30000 	    0.17023 	   -5.52825
   8.31000 	    0.11495 	   -5.54486
   8.32000 	    0.05950 	   -5.55612
   8.33000 	    0.00394 	   -5.56195
   8.34000 	   -0.05168 	   -5.56234
   8.35000 	   -0.10730 	   -5.55727
   8.36000 	   -0.16288 	   -5.54676
   8.37000 	   -0.21835 	   -5.53085
   8.38000 	   -0.27365 	   -5.50960
   8.39000 	   -0.32875 	   -5.48309
   8.40000 	   -0.38358 	   -5.45142
   8.41000 	   -0.43809 	   -5.41471
   8.42000 	   -0.49224 	   -5.37309
   8.43000 	   -0.54597 	   -5.32673
   8.44000 	   -0.59924 	   -5.27579
   8.45000 	   -0.65200 	   -5.22046
   8.46000 	   -0.70420 	   -5.16094
   8.47000 	   -0.75581 	   -5.09742
   8.48000 	   -0.80679 	   -5.03014
   8.49000 	   -0.85709 	   -4.95930
   8.50000 	   -0.90668 	   -4.88515
   8.51000 	   -0.95553 	   -4.80790
   8.52000 	   -1.00361 	   -4.72779
   8.53000 	   -1.05089 	   -4.64505
   8.54000 	   -1.09734 	   -4.55991
   8.55000 	   -1.14294 	   -4.47260
   8.56000 	   -1.18766 	   -4.38334
   8.57000 	   -1.23150 	   -4.29236
   8.58000 	   -1.27442 	   -4.19985
   8.59000 	   -1.31642 	   -4.10603
   8.60000 	   -1.35748 	   -4.01108
   8.61000 	   -1.39759 	   -3.91521
   8.62000 	   -1.43674 	   -3.81857
   8.63000 	   -1.47493 	   -3.72135
   8.64000 	   -1.51214 	   -3.62370
   8.65000 	   -1.54838 	   -3.52577
   8.66000 	   -1.58364 	   -3.42770
   8.67000 	   -1.61791 	   -3.32961
   8.68000 	   -1.65121 	   -3.23161
   8.69000 	   -1.68353 	   -3.13383
   8.70000 	   -1.71486 	   -3.03635
   8.71000 	   -1.74523 	   -2.93927
   8.72000 	   -1.77462 	   -2.84266
   8.73000 	   -1.80305 	   -2.74659
   8.74000 	   -1.83051 	   -2.65112
   8.75000 	   -1.85702 	   -2.55631
   8.76000 	   -1.88259 	   -2.46220
   8.77000 	   -1.90721 	   -2.36883
   8.78000 	   -1.93090 	   -2.27623
   8.79000 	   -1.95366 	   -2.18443
   8.80000 	   -1.97550 	   -2.09343
   8.81000 	   -1.99644 	   -2.00325
   8.82000 	   -2.01647 	   -1.91391
   8.83000 	   -2.03561 	   -1.82539
   8.84000 	   -2.05386 	   -1.73770
   8.85000 	   -2.07124 	   -1.65082
   8.86000 	   -2.08775 	   -1.56475
   8.87000 	   -2.10340 	   -1.47947
   8.88000 	   -2.11819 	   -1.39496
   8.89000 	   -2.13214 	   -1.31119
   8.90000 	   -2.14525 	   -1.22815
   8.91000 	   -2.15753 	   -1.14579
   8.92000 	   -2.16899 	   -1.06410
   8.93000 	   -2.17963 	   -0.98304
   8.94000 	   -2.18946 	   -0.90256
   8.95000 	   -2.19849 	   -0.82264
   8.96000 	   -2.20672 	   -0.74324
   8.97000 	   -2.21415 	   -0.66432
   8.98000 	   -2.22079 	   -0.58583
   8.99000 	   -2.22665 	   -0.50774
   9.00000 	   -2.23173 	   -0.42999
   9.01000 	   -2.23603 	   -0.35255
   9.02000 	   -2.23955 	   -0.27536
   9.03000 	   -2.24231 	   -0.19840
   9.04000 	   -2.24429 	   -0.12159
   9.05000 	   -2.24551 	   -0.04491
   9.06000 	   -2.24596 	    0.03169
   9.07000 	   -2.24564 	    0.10827
   9.08000 	   -2.24456 	    0.18486
   9.09000 	   -2.24271 	    0.26153
   9.10000 	   -2.24009 	    0.33830
   9.11000 	   -2.23671 	    0.41524
   9.12000 	   -2.23256 	    0.49238
   9.13000 	   -2.22763 	    0.56977
   9.14000 	   -2.22193 	    0.64746
   9.15000 	   -2.21546 	    0.72549
   9.16000 	   -2.20821 	    0.80390
   9.17000 	   -2.20017 	    0.88274
   9.18000 	   -2.19134 	    0.96204
   9.19000 	   -2.18172 	    1.04185
   9.20000 	   -2.17130 	    1.12221
   9.21000 	   -2.16008 	    1.20315
   9.22000 	   -2.14805 	    1.28470
   9.23000 	   -2.13520 	    1.36691
   9.24000 	   -2.12153 	    1.44979
   9.25000 	   -2.10703 	    1.53339
   9.26000 	   -2.09170 	    1.61772
   9.27000 	   -2.07552 	    1.70281
   9.28000 	   -2.05849 	    1.78867
   9.29000 	   -2.04061 	    1.87534
   9.30000 	   -2.02185 	    1.96281
   9.31000 	   -2.00223 	    2.05110
   9.32000 	   -1.98171 	    2.14021
   9.33000 	   -1.96031 	    2.23014
   9.34000 	   -1.93801 	    2.32089
   9.35000 	   -1.91480 	    2.41245
   9.36000 	   -1.89068 	    2.50480
   9.37000 	   -1.86563 	    2.59793
   9.38000 	   -1.83965 	    2.69180
   9.39000 	   -1.81273 	    2.78637
   9.40000 	   -1.78487 	    2.88161
   9.41000 	   -1.75605 	    2.97747
   9.42000 	   -1.72628 	    3.07390
   9.43000 	   -1.69554 	    3.17081
   9.44000 	   -1.66383 	    3.26815
   9.45000 	   -1.63115 	    3.36583
   9.46000 	   -1.59749 	    3.46375
   9.47000 	   -1.56285 	    3.56181
   9.48000 	   -1.52724 	    3.65991
   9.49000 	   -1.49064 	    3.75792
   9.50000 	   -1.45306 	    3.85570
   9.51000 	   -1.41450 	    3.95312
   9.52000 	   -1.37497 	    4.05003
   9.53000 	   -1.33447 	    4.14625
   9.54000 	   -1.29301 	    4.24162
   9.55000 	   -1.25059 	    4.33596
   9.56000 	   -1.20723 	    4.42908
   9.57000 	   -1.16294 	    4.52077
   9.58000 	   -1.11773 	    4.61082
   9.59000 	   -1.07162 	    4.69902
   9.60000 	   -1.02463 	    4.78515
   9.61000 	   -0.97678 	    4.86898
   9.62000 	   -0.92809 	    4.95028
   9.63000 	   -0.87859 	    5.02880
   9.64000 	   -0.82830 	    5.10432
   9.65000 	   -0.77726 	    5.17660
   9.66000 	   -0.72549 	    5.24540
   9.67000 	   -0.67304 	    5.31049
   9.68000 	   -0.61993 	    5.37164
   9.69000 	   -0.56622 	    5.42864
   9.70000 	   -0.51193 	    5.48126
   9.71000 	   -0.45712 	    5.52932
   9.72000 	   -0.40182 	    5.57262
   9.73000 	   -0.34610 	    5.61098
   9.74000 	   -0.28999 	    5.64426
   9.75000 	   -0.23355 	    5.67231
   9.76000 	   -0.17682 	    5.69501
   9.77000 	   -0.11987 	    5.71227
   9.78000 	   -0.06275 	    5.72400
   9.79000 	   -0.00551 	    5.73015
   9.80000 	    0.05179 	    5.73069
   9.81000 	    0.10910 	    5.72562
   9.82000 	    0.16636 	    5.71493
   9.83000 	    0.22350 	    5.69869
   9.84000 	    0.28049 	    5.67695
   9.85000 	    0.33726 	    5.64979
   9.86000 	    0.39376 	    5.61733
   9.87000 	    0.44993 	    5.57969
   9.88000 	    0.50573 	    5.53703
   9.89000 	    0.56110 	    5.48950
   9.90000 	    0.61599 	    5.43730
   9.91000 	    0.67037 	    5.38062
   9.92000 	    0.72417 	    5.31968
   9.93000 	    0.77737 	    5.25468
   9.94000 	    0.82992 	    5.18587
   9.95000 	    0.88178 	    5.11349
   9.96000 	    0.93291 	    5.03777
   9.97000 	    0.98329 	    4.95896
   9.98000 	    1.03288 	    4.87731
   9.99000 	    1.08165 	    4.79306
  10.00000 	    1.12958 	    4.70647
  10.01000 	    1.17665 	    4.61776
  10.02000 	    1.22282 	    4.52718
  10.03000 	    1.26810 	    4.43496
  10.04000 	    1.31245 	    4.34132
  10.05000 	    1.35586 	    4.24648
  10.06000 	    1.39832 	    4.15064
  10.07000 	    1.43983 	    4.05399
  10.08000 	    1.48037 	    3.95673
  10.09000 	    1.51994 	    3.85903
  10.10000 	    1.55853 	    3.76106
  10.11000 	    1.59614 	    3.66297
  10.12000 	    1.63277 	    3.56490
  10.13000 	    1.66842 	    3.46699
  10.14000 	    1.70309 	    3.36935
  10.15000 	    1.73678 	    3.27211
  10.16000 	    1.76950 	    3.17536
  10.17000 	    1.80125 	    3.07919
  10.18000 	    1.83205 	    2.98368
  10.19000 	    1.86188 	    2.88891
  10.20000 	    1.89077 	    2.79494
  10.21000 	    1.91872 	    2.70182
  10.22000 	    1.94574 	    2.60960
  10.23000 	    1.97184 	    2.51831
  10.24000 	    1.99702 	    2.42799
  10.25000 	    2.02130 	    2.33867
  10.26000 	    2.04469 	    2.25036
  10.27000 	    2.06719 	    2.16307
  10.28000 	    2.08882 	    2.07681
  10.29000 	    2.10959 	    1.99158
  10.30000 	    2.12950 	    1.90738
  10.31000 	    2.14858 	    1.82419
  10.32000 	    2.16682 	    1.74202
  10.33000 	    2.18424 	    1.66083
  10.34000 	    2.20085 	    1.58062
  10.35000 	    2.21665 	    1.50136
  10.36000 	    2.23167 	    1.42301
  10.37000 	    2.24590 	    1.34557
  10.38000 	    2.25935 	    1.26899
  10.39000 	    2.27204 	    1.19324
  10.40000 	    2.28398 	    1.11829
  10.41000 	    2.29516 	    1.04409
  10.42000 	    2.30560 	    0.97063
  10.43000 	    2.31531 	    0.89784
  10.44000 	    2.32428 	    0.82569
  10.45000 	    2.33254 	    0.75415
  10.46000 	    2.34008 	    0.68316
  10.47000 	    2.34691 	    0.61268
  10.48000 	    2.35304 	    0.54268
  10.49000 	    2.35847 	    0.47309
  10.50000 	    2.36320 	    0.40388
  10.51000 	    2.36724 	    0.33500
  10.52000 	    2.37059 	    0.26641
  10.53000 	    2.37325 	    0.19804
  10.54000 	    2.37523 	    0.12987
  10.55000 	    2.37653 	    0.06184
  10.56000 	    2.37715 	   -0.00611
  10.57000 	    2.37709 	   -0.07400
  10.58000 	    2.37635 	   -0.14191
  10.59000 	    2.37493 	   -0.20986
  10.60000 	    2.37283 	   -0.27792
  10.61000 	    2.37005 	   -0.34612
  10.62000 	    2.36659 	   -0.41452
  10.63000 	    2.36244 	   -0.48316
  10.64000 	    2.35761 	   -0.55210
  10.65000 	    2.35209 	   -0.62136
  10.66000 	    2.34588 	   -0.69102
  10.67000 	    2.33897 	   -0.76109
  10.68000 	    2.33136 	   -0.83165
  10.69000 	    2.32304 	   -0.90271
  10.70000 	    2.31401 	   -0.97434
  10.71000 	    2.30427 	   -1.04657
  10.72000 	    2.29380 	   -1.11945
  10.73000 	    2.28261 	   -1.19300
  10.74000 	    2.27068 	   -1.26728
  10.75000 	    2.25801 	   -1.34232
  10.76000 	    2.24458 	   -1.41816
  10.77000 	    2.23040 	   -1.49482
  10.78000 	    2.21545 	   -1.57234
  10.79000 	    2.19973 	   -1.65075
  10.80000 	    2.18322 	   -1.73008
  10.81000 	    2.16592 	   -1.81035
  10.82000 	    2.14782 	   -1.89159
  10.83000 	    2.12890 	   -1.97380
  10.84000 	    2.10917 	   -2.05702
  10.85000 	    2.08860 	   -2.14124
  10.86000 	    2.06718 	   -2.22648
  10.87000 	    2.04492 	   -2.31274
  10.88000 	    2.02179 	   -2.40002
  10.89000 	    1.99779 	   -2.48831
  10.90000 	    1.97291 	   -2.57760
  10.91000 	    1.94713 	   -2.66788
  10.92000 	    1.92045 	   -2.75911
  10.93000 	    1.89286 	   -2.85128
  10.94000 	    1.86435 	   -2.94433
  10.95000 	    1.83491 	   -3.03824
  10.96000 	    1.80452 	   -3.13293
  10.97000 	    1.77319 	   -3.22837
  10.98000 	    1.74091 	   -3.32446
  10.99000 	    1.70767 	   -3.42115
  11.00000 	    1.67345 	   -3.51833
  11.01000 	    1.63827 	   -3.61591
  11.02000 	    1.60211 	   -3.71379
  11.03000 	    1.56497 	   -3.81184
  11.04000 	    1.52686 	   -3.90994
  11.05000 	    1.48776 	   -4.00795
  11.06000 	    1.44768 	   -4.10571
  11.07000 	    1.40662 	   -4.20307
  11.08000 	    1.36459 	   -4.29985
  11.09000 	    1.32159 	   -4.39587
  11.10000 	    1.27763 	   -4.49094
  11.11000 	    1.23272 	   -4.58485
  11.12000 	    1.18687 	   -4.67740
  11.13000 	    1.14010 	   -4.76836
  11.14000 	    1.09242 	   -4.85750
  11.15000 	    1.04384 	   -4.94459
  11.16000 	    0.99439 	   -5.02938
  11.17000 	    0.94410 	   -5.11163
  11.18000 	    0.89298 	   -5.19109
  11.19000 	    0.84107 	   -5.26750
  11.20000 	    0.78840 	   -5.34062
  11.21000 	    0.73499 	   -5.41020
  11.22000 	    0.68089 	   -5.47598
  11.23000 	    0.62613 	   -5.53773
  11.24000 	    0.57075 	   -5.59522
  11.25000 	    0.51480 	   -5.64822
  11.26000 	    0.45832 	   -5.69652
  11.27000 	    0.40135 	   -5.73993
  11.28000 	    0.34395 	   -5.77825
  11.29000 	    0.28617 	   -5.81133
  11.30000 	    0.22806 	   -5.83902
  11.31000 	    0.16967 	   -5.86120
  11.32000 	    0.11106 	   -5.87777
  11.33000 	    0.05228 	   -5.88864
  11.34000 	   -0.00661 	   -5.89376
  11.35000 	   -0.06554 	   -5.89312
  11.36000 	   -0.12448 	   -5.88669
  11.37000 	   -0.18334 	   -5.87451
  11.38000 	   -0.24209 	   -5.85663
  11.39000 	   -0.30065 	   -5.83311
  11.40000 	   -0.35899 	   -5.80406
  11.41000 	   -0.41703 	   -5.76959
  11.42000 	   -0.47472 	   -5.72986
  11.43000 	   -0.53202 	   -5.68502
  11.44000 	   -0.58887 	   -5.63525
  11.45000 	   -0.64522 	   -5.58077
  11.46000 	   -0.70103 	   -5.52177
  11.47000 	   -0.75625 	   -5.45850
  11.48000 	   -0.81083 	   -5.39118
  11.49000 	   -0.86475 	   -5.32007
  11.50000 	   -0.91795 	   -5.24542
  11.51000 	   -0.97040 	   -5.16750
  11.52000 	   -1.02208 	   -5.08655
  11.53000 	   -1.07294 	   -5.00286
  11.54000 	   -1.12297 	   -4.91666
  11.55000 	   -1.17214 	   -4.82824
  11.56000 	   -1.22042 	   -4.73783
  11.57000 	   -1.26780 	   -4.64569
  11.58000 	   -1.31425 	   -4.55206
  11.59000 	   -1.35977 	   -4.45717
  11.60000 	   -1.40435 	   -4.36125
  11.61000 	   -1.44796 	   -4.26450
  11.62000 	   -1.49060 	   -4.16714
  11.63000 	   -1.53227 	   -4.06936
  11.64000 	   -1.57297 	   -3.97133
  11.65000 	   -1.61268 	   -3.87323
  11.66000 	   -1.65141 	   -3.77522
  11.67000 	   -1.68917 	   -3.67743
  11.68000 	   -1.72594 	   -3.58002
  11.69000 	   -1.76174 	   -3.48310
  11.70000 	   -1.79657 	   -3.38678
  11.71000 	   -1.83044 	   -3.29117
  11.72000 	   -1.86335 	   -3.19636
  11.73000 	   -1.89531 	   -3.10243
  11.74000 	   -1.92634 	   -3.00945
  11.75000 	   -1.95643 	   -2.91748
  11.76000 	   -1.98561 	   -2.82659
  11.77000 	   -2.01387 	   -2.73681
  11.78000 	   -2.04124 	   -2.64818
  11.79000 	   -2.06772 	   -2.56074
  11.80000 	   -2.09333 	   -2.47450
  11.81000 	   -2.11808 	   -2.38949
  11.82000 	   -2.14197 	   -2.30572
  11.83000 	   -2.16503 	   -2.22319
  11.84000 	   -2.18726 	   -2.14191
  11.85000 	   -2.20868 	   -2.06187
  11.86000 	   -2.22930 	   -1.98306
  11.87000 	   -2.24913 	   -1.90547
  11.88000 	   -2.26818 	   -1.82909
  11.89000 	   -2.28647 	   -1.75389
  11.90000 	   -2.30401 	   -1.67986
  11.91000 	   -2.32081 	   -1.60697
  11.92000 	   -2.33688 	   -1.53519
  11.93000 	   -2.35223 	   -1.46450
  11.94000 	   -2.36688 	   -1.39486
  11.95000 	   -2.38083 	   -1.32623
  11.96000 	   -2.39409 	   -1.25860
  11.97000 	   -2.40668 	   -1.19191
  11.98000 	   -2.41859 	   -1.12613
  11.99000 	   -2.42986 	   -1.06122
  12.00000 	   -2.44047 	   -0.99715
  12.01000 	   -2.45044 	   -0.93387
  12.02000 	   -2.45978 	   -0.87133
  12.03000 	   -2.46849 	   -0.80951
  12.04000 	   -2.47659 	   -0.74835
  12.05000 	   -2.48407 	   -0.68782
  12.06000 	   -2.49095 	   -0.62787
  12.07000 	   -2.49723 	   -0.56845
  12.08000 	   -2.50291 	   -0.50952
  12.09000 	   -2.50801 	   -0.45104
  12.10000 	   -2.51252 	   -0.39296
  12.11000 	   -2.51645 	   -0.33524
  12.12000 	   -2.51980 	   -0.27783
  12.13000 	   -2.52258 	   -0.22069
  12.14000 	   -2.52478 	   -0.16376
  12.15000 	   -2.52642 	   -0.10702
  12.16000 	   -2.52749 	   -0.05041
  12.17000 	   -2.52800 	    0.00612
  12.18000 	   -2.52793 	    0.06261
  12.19000 	   -2.52731 	    0.11910
  12.20000 	   -2.52612 	    0.17564
  12.21000 	   -2.52436 	    0.23228
  12.22000 	   -2.52204 	    0.28906
  12.23000 	   -2.51915 	    0.34602
  12.24000 	   -2.51569 	    0.40322
  12.25000 	   -2.51166 	    0.46069
  12.26000 	   -2.50705 	    0.51848
  12.27000 	   -2.50186 	    0.57663
  12.28000 	   -2.49610 	    0.63520
  12.29000 	   -2.48975 	    0.69421
  12.30000 	   -2.48280 	    0.75372
  12.31000 	   -2.47527 	    0.81378
  12.32000 	   -2.46713 	    0.87441
  12.33000 	   -2.45838 	    0.93567
  12.34000 	   -2.44903 	    0.99760
  12.35000 	   -2.43905 	    1.06024
  12.36000 	   -2.42845 	    1.12363
  12.37000 	   -2.41721 	    1.18781
  12.38000 	   -2.40533 	    1.25282
  12.39000 	   -2.39281 	    1.31869
  12.40000 	   -2.37962 	    1.38547
  12.41000 	   -2.36576 	    1.45320
  12.42000 	   -2.35123 	    1.52190
  12.43000 	   -2.33601 	    1.59161
  12.44000 	   -2.32010 	    1.66236
  12.45000 	   -2.30347 	    1.73419
  12.46000 	   -2.28613 	    1.80711
  12.47000 	   -2.26806 	    1.88117
  12.48000 	   -2.24925 	    1.95637
  12.49000 	   -2.22969 	    2.03274
  12.50000 	   -2.20936 	    2.11031
  12.51000 	   -2.18826 	    2.18908
  12.52000 	   -2.16636 	    2.26907
  12.53000 	   -2.14367 	    2.35028
  12.54000 	   -2.12017 	    2.43271
  12.55000 	   -2.09584 	    2.51638
  12.56000 	   -2.07068 	    2.60126
  12.57000 	   -2.04467 	    2.68736
  12.58000 	   -2.01779 	    2.77465
  12.59000 	   -1.99005 	    2.86311
  12.60000 	   -1.96142 	    2.95272
  12.61000 	   -1.93189 	    3.04343
  12.62000 	   -1.90146 	    3.13520
  12.63000 	   -1.87010 	    3.22799
  12.64000 	   -1.83782 	    3.32172
  12.65000 	   -1.80461 	    3.41635
  12.66000 	   -1.77044 	    3.51178
  12.67000 	   -1.73532 	    3.60793
  12.68000 	   -1.69925 	    3.70470
  12.69000 	   -1.66220 	    3.80200
  12.70000 	   -1.62418 	    3.89969
  12.71000 	   -1.58518 	    3.99765
  12.72000 	   -1.54521 	    4.09574
  12.73000 	   -1.50425 	    4.19381
  12.74000 	   -1.46231 	    4.29169
  12.75000 	   -1.41939 	    4.38921
  12.76000 	   -1.37550 	    4.48619
  12.77000 	   -1.33064 	    4.58242
  12.78000 	   -1.28481 	    4.67771
  12.79000 	   -1.23804 	    4.77182
  12.80000 	   -1.19032 	    4.86454
  12.81000 	   -1.14167 	    4.95563
  12.82000 	   -1.09212 	    5.04483
  12.83000 	   -1.04167 	    5.13191
  12.84000 	   -0.99035 	    5.21659
  12.85000 	   -0.93818 	    5.29862
  12.86000 	   -0.88520 	    5.37774
  12.87000 	   -0.83142 	    5.45367
  12.88000 	   -0.77688 	    5.52616
  12.89000 	   -0.72162 	    5.59493
  12.90000 	   -0.66567 	    5.65974
  12.91000 	   -0.60908 	    5.72032
  12.92000 	   -0.55187 	    5.77645
  12.93000 	   -0.49411 	    5.82788
  12.94000 	   -0.43583 	    5.87440
  12.95000 	   -0.37708 	    5.91582
  12.96000 	   -0.31793 	    5.95194
  12.97000 	   -0.25841 	    5.98261
  12.98000 	   -0.19858 	    6.00767
  12.99000 	   -0.13850 	    6.02703
  13.00000 	   -0.07823 	    6.04057
  13.01000 	   -0.01783 	    6.04824
  13.02000 	    0.04265 	    6.04999
  13.03000 	    0.10315 	    6.04580
  13.04000 	    0.16361 	    6.03570
  13.05000 	    0.22397 	    6.01972
  13.06000 	    0.28417 	    5.99794
  13.07000 	    0.34415 	    5.97043
  13.08000 	    0.40385 	    5.93733
  13.09000 	    0.46322 	    5.89878
  13.10000 	    0.52221 	    5.85495
  13.11000 	    0.58076 	    5.80602
  13.12000 	    0.63882 	    5.75219
  13.13000 	    0.69634 	    5.69370
  13.14000 	    0.75328 	    5.63078
  13.15000 	    0.80959 	    5.56368
  13.16000 	    0.86522 	    5.49265
  13.17000 	    0.92015 	    5.41797
  13.18000 	    0.97433 	    5.33992
  13.19000 	    1.02773 	    5.25876
  13.20000 	    1.08032 	    5.17477
  13.21000 	    1.13206 	    5.08823
  13.22000 	    1.18295 	    4.99943
  13.23000 	    1.23294 	    4.90861
  13.24000 	    1.28203 	    4.81606
  13.25000 	    1.33019 	    4.72202
  13.26000 	    1.37741 	    4.62675
  13.27000 	    1.42368 	    4.53047
  13.28000 	    1.46898 	    4.43343
  13.29000 	    1.51331 	    4.33584
  13.30000 	    1.55667 	    4.23790
  13.31000 	    1.59905 	    4.13981
  13.32000 	    1.64045 	    4.04175
  13.33000 	    1.68087 	    3.94389
  13.34000 	    1.72031 	    3.84638
  13.35000 	    1.75877 	    3.74938
  13.36000 	    1.79626 	    3.65301
  13.37000 	    1.83279 	    3.55739
  13.38000 	    1.86837 	    3.46264
  13.39000 	    1.90299 	    3.36885
  13.40000 	    1.93668 	    3.27611
  13.41000 	    1.96944 	    3.18451
  13.42000 	    2.00129 	    3.09410
  13.43000 	    2.03223 	    3.00495
  13.44000 	    2.06228 	    2.91711
  13.45000 	    2.09145 	    2.83062
  13.46000 	    2.11976 	    2.74552
  13.47000 	    2.14721 	    2.66183
  13.48000 	    2.17383 	    2.57958
  13.49000 	    2.19963 	    2.49879
  13.50000 	    2.22461 	    2.41945
  13.51000 	    2.24881 	    2.34158
  13.52000 	    2.27222 	    2.26518
  13.53000 	    2.29488 	    2.19024
  13.54000 	    2.31678 	    2.11675
  13.55000 	    2.33795 	    2.04471
  13.56000 	    2.35839 	    1.97408
  13.57000 	    2.37813 	    1.90487
  13.58000 	    2.39718 	    1.83704
  13.59000 	    2.41555 	    1.77058
  13.60000 	    2.43326 	    1.70545
  13.61000 	    2.45031 	    1.64162
  13.62000 	    2.46673 	    1.57908
  13.63000 	    2.48252 	    1.51779
  13.64000 	    2.49770 	    1.45772
  13.65000 	    2.51228 	    1.39883
  13.66000 	    2.52626 	    1.34108
  13.67000 	    2.53967 	    1.28446
  13.68000 	    2.55252 	    1.22891
  13.69000 	    2.56481 	    1.17441
  13.70000 	    2.57655 	    1.12091
  13.71000 	    2.58776 	    1.06838
  13.72000 	    2.59845 	    1.01679
  13.73000 	    2.60861 	    0.96609
  13.74000 	    2.61827 	    0.91624
  13.75000 	    2.62744 	    0.86722
  13.76000 	    2.63611 	    0.81897
  13.77000 	    2.64430 	    0.77147
  13.78000 	    2.65201 	    0.72467
  13.79000 	    2.65926 	    0.67854
  13.80000 	    2.66605 	    0.63303
  13.81000 	    2.67238 	    0.58812
  13.82000 	    2.67826 	    0.54376
  13.83000 	    2.68369 	    0.49992
  13.84000 	    2.68869 	    0.45655
  13.85000 	    2.69326 	    0.41363
  13.86000 	    2.69740 	    0.37110
  13.87000 	    2.70111 	    0.32895
  13.88000 	    2.70440 	    0.28712
  13.89000 	    2.70727 	    0.24558
  13.90000 	    2.70972 	    0.20430
  13.91000 	    2.71177 	    0.16324
  13.92000 	    2.71340 	    0.12236
  13.93000 	    2.71462 	    0.08163
  13.94000 	    2.71544 	    0.04100
  13.95000 	    2.71585 	    0.00045
  13.96000 	    2.71585 	   -0.04007
  13.97000 	    2.71545 	   -0.08058
  13.98000 	    2.71465 	   -0.12113
  13.99000 	    2.71344 	   -0.16175
  14.00000 	    2.71182 	   -0.20248
  14.01000 	    2.70979 	   -0.24336
  14.02000 	    2.70736 	   -0.28441
  14.03000 	    2.70452 	   -0.32569
  14.04000 	    2.70126 	   -0.36721
  14.05000 	    2.69759 	   -0.40903
  14.06000 	    2.69350 	   -0.45117
  14.07000 	    2.68898 	   -0.49367
  14.08000 	    2.68405 	   -0.53657
  14.09000 	    2.67868 	   -0.57990
  14.10000 	    2.67288 	   -0.62371
  14.11000 	    2.66665 	   -0.66803
  14.12000 	    2.65997 	   -0.71289
  14.13000 	    2.65284 	   -0.75833
  14.14000 	    2.64525 	   -0.80439
  14.15000 	    2.63721 	   -0.85110
  14.16000 	    2.62870 	   -0.89851
  14.17000 	    2.61971 	   -0.94665
  14.18000 	    2.61025 	   -0.99555
  14.19000 	    2.60029 	   -1.04526
  14.20000 	    2.58984 	   -1.09581
  14.21000 	    2.57888 	   -1.14723
  14.22000 	    2.56741 	   -1.19956
  14.23000 	    2.55541 	   -1.25285
  14.24000 	    2.54288 	   -1.30711
  14.25000 	    2.52981 	   -1.36240
  14.26000 	    2.51619 	   -1.41874
  14.27000 	    2.50200 	   -1.47617
  14.28000 	    2.48724 	   -1.53473
  14.29000 	    2.47189 	   -1.59443
  14.30000 	    2.45595 	   -1.65533
  14.31000 	    2.43939 	   -1.71744
  14.32000 	    2.42222 	   -1.78081
  14.33000 	    2.40441 	   -1.84545
  14.34000 	    2.38596 	   -1.91139
  14.35000 	    2.36684 	   -1.97866
  14.36000 	    2.34706 	   -2.04729
  14.37000 	    2.32658 	   -2.11728
  14.38000 	    2.30541 	   -2.18867
  14.39000 	    2.28353 	   -2.26147
  14.40000 	    2.26091 	   -2.33569
  14.41000 	    2.23755 	   -2.41135
  14.42000 	    2.21344 	   -2.48844
  14.43000 	    2.18856 	   -2.56697
  14.44000 	    2.16289 	   -2.64693
  14.45000 	    2.13642 	   -2.72834
  14.46000 	    2.10913 	   -2.81116
  14.47000 	    2.08102 	   -2.89538
  14.48000 	    2.05207 	   -2.98099
  14.49000 	    2.02226 	   -3.06794
  14.50000 	    1.99158 	   -3.15622
  14.51000 	    1.96002 	   -3.24576
  14.52000 	    1.92756 	   -3.33652
  14.53000 	    1.89419 	   -3.42844
  14.54000 	    1.85991 	   -3.52146
  14.55000 	    1.82469 	   -3.61549
  14.56000 	    1.78854 	   -3.71044
  14.57000 	    1.75144 	   -3.80623
  14.58000 	    1.71337 	   -3.90273
  14.59000 	    1.67435 	   -3.99983
  14.60000 	    1.63435 	   -4.09741
  14.61000 	    1.59337 	   -4.19531
  14.62000 	    1.55142 	   -4.29339
  14.63000 	    1.50849 	   -4.39147
  14.64000 	    1.46457 	   -4.48938
  14.65000 	    1.41968 	   -4.58692
  14.66000 	    1.37381 	   -4.68391
  14.67000 	    1.32697 	   -4.78011
  14.68000 	    1.27917 	   -4.87531
  14.69000 	    1.23042 	   -4.96927
  14.70000 	    1.18072 	   -5.06174
  14.71000 	    1.13011 	   -5.15247
  14.72000 	    1.07858 	   -5.24119
  14.73000 	    1.02617 	   -5.32765
  14.74000 	    0.97289 	   -5.41156
  14.75000 	    0.91878 	   -5.49264
  14.76000 	    0.86385 	   -5.57061
  14.77000 	    0.80814 	   -5.64520
  14.78000 	    0.75169 	   -5.71613
  14.79000 	    0.69453 	   -5.78312
  14.80000 	    0.63670 	   -5.84591
  14.81000 	    0.57824 	   -5.90423
  14.82000 	    0.51920 	   -5.95785
  14.83000 	    0.45962 	   -6.00652
  14.84000 	    0.39955 	   -6.05004
  14.85000 	    0.33905 	   -6.08820
  14.86000 	    0.27817 	   -6.12083
  14.87000 	    0.21696 	   -6.14777
  14.88000 	    0.15549 	   -6.16889
  14.89000 	    0.09380 	   -6.18408
  14.90000 	    0.03196 	   -6.19327
  14.91000 	   -0.02998 	   -6.19640
  14.92000 	   -0.09194 	   -6.19346
  14.93000 	   -0.15387 	   -6.18445
  14.94000 	   -0.21572 	   -6.16942
  14.95000 	   -0.27741 	   -6.14842
  14.96000 	   -0.33890 	   -6.12155
  14.97000 	   -0.40011 	   -6.08894
  14.98000 	   -0.46100 	   -6.05073
  14.99000 	   -0.52151 	   -6.00709
  15.00000 	   -0.58158 	   -5.95822
  15.01000 	   -0.64116 	   -5.90433
  15.02000 	   -0.70021 	   -5.84565
  15.03000 	   -0.75866 	   -5.78244
  15.04000 	   -0.81649 	   -5.71495
  15.05000 	   -0.87364 	   -5.64346
  15.06000 	   -0.93007 	   -5.56825
  15.07000 	   -0.98575 	   -5.48960
  15.08000 	   -1.04065 	   -5.40782
  15.09000 	   -1.09473 	   -5.32319
  15.10000 	   -1.14796 	   -5.23599
  15.11000 	   -1.20032 	   -5.14653
  15.12000 	   -1.25179 	   -5.05509
  15.13000 	   -1.30234 	   -4.96194
  15.14000 	   -1.35196 	   -4.86735
  15.15000 	   -1.40063 	   -4.77159
  15.16000 	   -1.44835 	   -4.67491
  15.17000 	   -1.49509 	   -4.57754
  15.18000 	   -1.54087 	   -4.47973
  15.19000 	   -1.58567 	   -4.38167
  15.20000 	   -1.62948 	   -4.28358
  15.21000 	   -1.67232 	   -4.18565
  15.22000 	   -1.71418 	   -4.08805
  15.23000 	   -1.75506 	   -3.99096
  15.24000 	   -1.79497 	   -3.89452
  15.25000 	   -1.83391 	   -3.79888
  15.26000 	   -1.87190 	   -3.70415
  15.27000 	   -1.90894 	   -3.61047
  15.28000 	   -1.94505 	   -3.51792
  15.29000 	   -1.98023 	   -3.42661
  15.30000 	   -2.01449 	   -3.33662
  15.31000 	   -2.04786 	   -3.24802
  15.32000 	   -2.08034 	   -3.16087
  15.33000 	   -2.11195 	   -3.07523
  15.34000 	   -2.14270 	   -2.99115
  15.35000 	   -2.17261 	   -2.90866
  15.36000 	   -2.20170 	   -2.82780
  15.37000 	   -2.22997 	   -2.74858
  15.38000 	   -2.25746 	   -2.67103
  15.39000 	   -2.28417 	   -2.59517
  15.40000 	   -2.31012 	   -2.52099
  15.41000 	   -2.33533 	   -2.44850
  15.42000 	   -2.35982 	   -2.37770
  15.43000 	   -2.38359 	   -2.30858
  15.44000 	   -2.40668 	   -2.24114
  15.45000 	   -2.42909 	   -2.17536
  15.46000 	   -2.45085 	   -2.11123
  15.47000 	   -2.47196 	   -2.04873
  15.48000 	   -2.49244 	   -1.98784
  15.49000 	   -2.51232 	   -1.92854
  15.50000 	   -2.53161 	   -1.87080
  15.51000 	   -2.55032 	   -1.81461
  15.52000 	   -2.56846 	   -1.75992
  15.53000 	   -2.58606 	   -1.70673
  15.54000 	   -2.60313 	   -1.65499
  15.55000 	   -2.61968 	   -1.60468
  15.56000 	   -2.63573 	   -1.55578
  15.57000 	   -2.65128 	   -1.50824
  15.58000 	   -2.66637 	   -1.46204
  15.59000 	   -2.68099 	   -1.41716
  15.60000 	   -2.69516 	   -1.37355
  15.61000 	   -2.70889 	   -1.33120
  15.62000 	   -2.72221 	   -1.29006
  15.63000 	   -2.73511 	   -1.25012
  15.64000 	   -2.74761 	   -1.21133
  15.65000 	   -2.75972 	   -1.17367
  15.66000 	   -2.77146 	   -1.13712
  15.67000 	   -2.78283 	   -1.10163
  15.68000 	   -2.79385 	   -1.06718
  15.69000 	   -2.80452 	   -1.03375
  15.70000 	   -2.81485 	   -1.00131
  15.71000 	   -2.82487 	   -0.96982
  15.72000 	   -2.83457 	   -0.93927
  15.73000 	   -2.84396 	   -0.90962
  15.74000 	   -2.85305 	   -0.88085
  15.75000 	   -2.86186 	   -0.85294
  15.76000 	   -2.87039 	   -0.82585
  15.77000 	   -2.87865 	   -0.79957
  15.78000 	   -2.88665 	   -0.77407
  15.79000 	   -2.89439 	   -0.74933
  15.80000 	   -2.90188 	   -0.72533
  15.81000 	   -2.90913 	   -0.70204
  15.82000 	   -2.91615 	   -0.67944
  15.83000 	   -2.92295 	   -0.65751
  15.84000 	   -2.92952 	   -0.63623
  15.85000 	   -2.93589 	   -0.61558
  15.86000 	   -2.94204 	   -0.59555
  15.87000 	   -2.94800 	   -0.57610
  15.88000 	   -2.95376 	   -0.55723
  15.89000 	   -2.95933 	   -0.53891
  15.90000 	   -2.96472 	   -0.52113
  15.91000 	   -2.96993 	   -0.50387
  15.92000 	   -2.97497 	   -0.48711
  15.93000 	   -2.97984 	   -0.47084
  15.94000 	   -2.98455 	   -0.45504
  15.95000 	   -2.98910 	   -0.43970
  15.96000 	   -2.99350 	   -0.42480
  15.97000 	   -2.99774 	   -0.41032
  15.98000 	   -3.00185 	   -0.39626
  15.99000 	   -3.00581 	   -0.38259
  16.00000 	   -3.00964 	   -0.36931
  16.01000 	   -3.01333 	   -0.35641
  16.02000 	   -3.01689 	   -0.34386
  16.03000 	   -3.02033 	   -0.33166
  16.04000 	   -3.02365 	   -0.31979
  16.05000 	   -3.02685 	   -0.30825
  16.06000 	   -3.02993 	   -0.29702
  16.07000 	   -3.03290 	   -0.28608
  16.08000 	   -3.03576 	   -0.27544
  16.09000 	   -3.03851 	   -0.26508
  16.10000 	   -3.04117 	   -0.25499
  16.11000 	   -3.04372 	   -0.24515
  16.12000 	   -3.04617 	   -0.23556
  16.13000 	   -3.04852 	   -0.22622
  16.14000 	   -3.05078 	   -0.21710
  16.15000 	   -3.05296 	   -0.20820
  16.16000 	   -3.05504 	   -0.19952
  16.17000 	   -3.05703 	   -0.19104
  16.18000 	   -3.05894 	   -0.18275
  16.19000 	   -3.06077 	   -0.17466
  16.20000 	   -3.06252 	   -0.16674
  16.21000 	   -3.06418 	   -0.15899
  16.22000 	   -3.06577 	   -0.15140
  16.23000 	   -3.06729 	   -0.14397
  16.24000 	   -3.06873 	   -0.13669
  16.25000 	   -3.07010 	   -0.12955
  16.26000 	   -3.07139 	   -0.12254
  16.27000 	   -3.07262 	   -0.11566
  16.28000 	   -3.07377 	   -0.10890
  16.29000 	   -3.07486 	   -0.10225
  16.30000 	   -3.07588 	   -0.09571
  16.31000 	   -3.07684 	   -0.08926
  16.32000 	   -3.07773 	   -0.08292
  16.33000 	   -3.07856 	   -0.07666
  16.34000 	   -3.07933 	   -0.07048
  16.35000 	   -3.08003 	   -0.06437
  16.36000 	   -3.08068 	   -0.05834
  16.37000 	   -3.08126 	   -0.05237
  16.38000 	   -3.08179 	   -0.04645
  16.39000 	   -3.08225 	   -0.04059
  16.40000 	   -3.08266 	   -0.03477
  16.41000 	   -3.08300 	   -0.02899
  16.42000 	   -3.08329 	   -0.02325
  16.43000 	   -3.08353 	   -0.01753
  16.44000 	   -3.08370 	   -0.01184
  16.45000 	   -3.08382 	   -0.00616
  16.46000 	   -3.08388 	   -0.00050
  16.47000 	   -3.08389 	    0.00516
  16.48000 	   -3.08383 	    0.01082
  16.49000 	   -3.08373 	    0.01648
  16.50000 	   -3.08356 	    0.02216
  16.51000 	   -3.08334 	    0.02785
  16.52000 	   -3.08306 	    0.03356
  16.53000 	   -3.08273 	    0.03930
  16.54000 	   -3.08233 	    0.04507
  16.55000 	   -3.08188 	    0.05088
  16.56000 	   -3.08137 	    0.05673
  16.57000 	   -3.08081 	    0.06264
  16.58000 	   -3.08018 	    0.06859
  16.59000 	   -3.07949 	    0.07462
  16.60000 	   -3.07875 	    0.08070
  16.61000 	   -3.07794 	    0.08686
  16.62000 	   -3.07707 	    0.09310
  16.63000 	   -3.07614 	    0.09943
  16.64000 	   -3.07515 	    0.10585
  16.65000 	   -3.07409 	    0.11236
  16.66000 	   -3.07296 	    0.11898
  16.67000 	   -3.07177 	    0.12570
  16.68000 	   -3.07052 	    0.13255
  16.69000 	   -3.06919 	    0.13951
  16.70000 	   -3.06780 	    0.14661
  16.71000 	   -3.06633 	    0.15384
  16.72000 	   -3.06479 	    0.16122
  16.73000 	   -3.06318 	    0.16875
  16.74000 	   -3.06149 	    0.17643
  16.75000 	   -3.05973 	    0.18428
  16.76000 	   -3.05789 	    0.19230
  16.77000 	   -3.05596 	    0.20050
  16.78000 	   -3.05396 	    0.20889
  16.79000 	   -3.05187 	    0.21748
  16.80000 	   -3.04969 	    0.22627
  16.81000 	   -3.04743 	    0.23527
  16.82000 	   -3.04508 	    0.24450
  16.83000 	   -3.04263 	    0.25395
  16.84000 	   -3.04009 	    0.26364
  16.85000 	   -3.03746 	    0.27358
  16.86000 	   -3.03472 	    0.28378
  16.87000 	   -3.03188 	    0.29424
  16.88000 	   -3.02894 	    0.30498
  16.89000 	   -3.02589 	    0.31601
  16.90000 	   -3.02273 	    0.32734
  16.91000 	   -3.01946 	    0.33897
  16.92000 	   -3.01607 	    0.35092
  16.93000 	   -3.01256 	    0.36320
  16.94000 	   -3.00893 	    0.37583
  16.95000 	   -3.00517 	    0.38880
  16.96000 	   -3.00128 	    0.40214
  16.97000 	   -2.99726 	    0.41586
  16.98000 	   -2.99310 	    0.42997
  16.99000 	   -2.98880 	    0.44449
  17.00000 	   -2.98436 	    0.45942
  17.01000 	   -2.97976 	    0.47478
  17.02000 	   -2.97501 	    0.49058
  17.03000 	   -2.97011 	    0.50685
  17.04000 	   -2.96504 	    0.52359
  17.05000 	   -2.95980 	    0.54082
  17.06000 	   -2.95440 	    0.55856
  17.07000 	   -2.94881 	    0.57681
  17.08000 	   -2.94304 	    0.59561
  17.09000 	   -2.93709 	    0.61496
  17.10000 	   -2.93094 	    0.63488
  17.11000 	   -2.92459 	    0.65539
  17.12000 	   -2.91803 	    0.67652
  17.13000 	   -2.91127 	    0.69826
  17.14000 	   -2.90429 	    0.72066
  17.15000 	   -2.89708 	    0.74372
  17.16000 	   -2.88964 	    0.76747
  17.17000 	   -2.88197 	    0.79193
  17.18000 	   -2.87405 	    0.81711
  17.19000 	   -2.86588 	    0.84304
  17.20000 	   -2.85745 	    0.86975
  17.21000 	   -2.84875 	    0.89725
  17.22000 	   -2.83978 	    0.92557
  17.23000 	   -2.83052 	    0.95473
  17.24000 	   -2.82097 	    0.98476
  17.25000 	   -2.81113 	    1.01567
  17.26000 	   -2.80097 	    1.04751
  17.27000 	   -2.79049 	    1.08028
  17.28000 	   -2.77969 	    1.11402
  17.29000 	   -2.76855 	    1.14875
  17.30000 	   -2.75706 	    1.18450
  17.31000 	   -2.74522 	    1.22130
  17.32000 	   -2.73301 	    1.25918
  17.33000 	   -2.72041 	    1.29815
  17.34000 	   -2.70743 	    1.33826
  17.35000 	   -2.69405 	    1.37953
  17.36000 	   -2.68025 	    1.42198
  17.37000 	   -2.66603 	    1.46565
  17.38000 	   -2.65138 	    1.51056
  17.39000 	   -2.63627 	    1.55675
  17.40000 	   -2.62071 	    1.60424
  17.41000 	   -2.60466 	    1.65306
  17.42000 	   -2.58813 	    1.70323
  17.43000 	   -2.57110 	    1.75480
  17.44000 	   -2.55355 	    1.80778
  17.45000 	   -2.53547 	    1.86220
  17.46000 	   -2.51685 	    1.91808
  17.47000 	   -2.49767 	    1.97546
  17.48000 	   -2.47792 	    2.03435
  17.49000 	   -2.45757 	    2.09478
  17.50000 	   -2.43663 	    2.15678
  17.51000 	   -2.41506 	    2.22034
  17.52000 	   -2.39285 	    2.28551
  17.53000 	   -2.37000 	    2.35229
  17.54000 	   -2.34648 	    2.42069
  17.55000 	   -2.32227 	    2.49073
  17.56000 	   -2.29736 	    2.56241
  17.57000 	   -2.27174 	    2.63574
  17.58000 	   -2.24538 	    2.71071
  17.59000 	   -2.21827 	    2.78732
  17.60000 	   -2.19040 	    2.86557
  17.61000 	   -2.16174 	    2.94543
  17.62000 	   -2.13229 	    3.02689
  17.63000 	   -2.10202 	    3.10993
  17.64000 	   -2.07092 	    3.19451
  17.65000 	   -2.03898 	    3.28060
  17.66000 	   -2.00617 	    3.36814
  17.67000 	   -1.97249 	    3.45709
  17.68000 	   -1.93792 	    3.54738
  17.69000 	   -1.90244 	    3.63894
  17.70000 	   -1.86606 	    3.73170
  17.71000 	   -1.82874 	    3.82555
  17.72000 	   -1.79048 	    3.92041
  17.73000 	   -1.75128 	    4.01615
  17.74000 	   -1.71112 	    4.11266
  17.75000 	   -1.66999 	    4.20979
  17.76000 	   -1.62789 	    4.30741
  17.77000 	   -1.58482 	    4.40535
  17.78000 	   -1.54077 	    4.50344
  17.79000 	   -1.49573 	    4.60150
  17.80000 	   -1.44972 	    4.69932
  17.81000 	   -1.40272 	    4.79670
  17.82000 	   -1.35476 	    4.89342
  17.83000 	   -1.30582 	    4.98924
  17.84000 	   -1.25593 	    5.08391
  17.85000 	   -1.20509 	    5.17719
  17.86000 	   -1.15332 	    5.26880
  17.87000 	   -1.10063 	    5.35848
  17.88000 	   -1.04705 	    5.44593
  17.89000 	   -0.99259 	    5.53088
  17.90000 	   -0.93728 	    5.61304
  17.91000 	   -0.88115 	    5.69210
  17.92000 	   -0.82423 	    5.76778
  17.93000 	   -0.76655 	    5.83979
  17.94000 	   -0.70815 	    5.90784
  17.95000 	   -0.64907 	    5.97164
  17.96000 	   -0.58936 	    6.03094
  17.97000 	   -0.52905 	    6.08547
  17.98000 	   -0.46819 	    6.13498
  17.99000 	   -0.40684 	    6.17925
  18.00000 	   -0.34505 	    6.21807
  18.01000 	   -0.28287 	    6.25125
  18.02000 	   -0.22036 	    6.27863
  18.03000 	   -0.15757 	    6.30007
  18.04000 	   -0.09457 	    6.31547
  18.05000 	   -0.03141 	    6.32473
  18.06000 	    0.03183 	    6.32781
  18.07000 	    0.09511 	    6.32469
  18.08000 	    0.15836 	    6.31537
  18.09000 	    0.22151 	    6.29990
  18.10000 	    0.28451 	    6.27835
  18.11000 	    0.34729 	    6.25081
  18.12000 	    0.40980 	    6.21742
  18.13000 	    0.47198 	    6.17834
  18.14000 	    0.53376 	    6.13374
  18.15000 	    0.59510 	    6.08383
  18.16000 	    0.65594 	    6.02883
  18.17000 	    0.71622 	    5.96900
  18.18000 	    0.77591 	    5.90460
  18.19000 	    0.83496 	    5.83589
  18.20000 	    0.89332 	    5.76317
  18.21000 	    0.95095 	    5.68674
  18.22000 	    1.00782 	    5.60688
  18.23000 	    1.06389 	    5.52392
  18.24000 	    1.11913 	    5.43816
  18.25000 	    1.17351 	    5.34990
  18.26000 	    1.22701 	    5.25944
  18.27000 	    1.27960 	    5.16708
  18.28000 	    1.33127 	    5.07311
  18.29000 	    1.38200 	    4.97781
  18.30000 	    1.43178 	    4.88145
  18.31000 	    1.48060 	    4.78430
  18.32000 	    1.52844 	    4.68660
  18.33000 	    1.57530 	    4.58859
  18.34000 	    1.62119 	    4.49049
  18.35000 	    1.66610 	    4.39251
  18.36000 	    1.71002 	    4.29486
  18.37000 	    1.75297 	    4.19771
  18.38000 	    1.79495 	    4.10123
  18.39000 	    1.83596 	    4.00558
  18.40000 	    1.87601 	    3.91091
  18.41000 	    1.91512 	    3.81735
  18.42000 	    1.95330 	    3.72500
  18.43000 	    1.99055 	    3.63399
  18.44000 	    2.02689 	    3.54441
  18.45000 	    2.06233 	    3.45634
  18.46000 	    2.09689 	    3.36985
  18.47000 	    2.13059 	    3.28502
  18.48000 	    2.16344 	    3.20189
  18.49000 	    2.19546 	    3.12052
  18.50000 	    2.22667 	    3.04095
  18.51000 	    2.25708 	    2.96320
  18.52000 	    2.28671 	    2.88731
  18.53000 	    2.31558 	    2.81329
  18.54000 	    2.34371 	    2.74117
  18.55000 	    2.37113 	    2.67094
  18.56000 	    2.39784 	    2.60262
  18.57000 	    2.42386 	    2.53620
  18.58000 	    2.44922 	    2.47168
  18.59000 	    2.47394 	    2.40905
  18.60000 	    2.49803 	    2.34832
  18.61000 	    2.52151 	    2.28945
  18.62000 	    2.54441 	    2.23245
  18.63000 	    2.56673 	    2.17728
  18.64000 	    2.58851 	    2.12394
  18.65000 	    2.60975 	    2.07241
  18.66000 	    2.63047 	    2.02266
  18.67000 	    2.65070 	    1.97468
  18.68000 	    2.67044 	    1.92843
  18.69000 	    2.68973 	    1.88390
  18.70000 	    2.70857 	    1.84107
  18.71000 	    2.72698 	    1.79990
  18.72000 	    2.74498 	    1.76038
  18.73000 	    2.76258 	    1.72249
  18.74000 	    2.77980 	    1.68619
  18.75000 	    2.79667 	    1.65147
  18.76000 	    2.81318 	    1.61830
  18.77000 	    2.82936 	    1.58666
  18.78000 	    2.84523 	    1.55652
  18.79000 	    2.86080 	    1.52787
  18.80000 	    2.87607 	    1.50069
  18.81000 	    2.89108 	    1.47494
  18.82000 	    2.90583 	    1.45062
  18.83000 	    2.92034 	    1.42771
  18.84000 	    2.93461 	    1.40618
  18.85000 	    2.94868 	    1.38602
  18.86000 	    2.96254 	    1.36721
  18.87000 	    2.97621 	    1.34974
  18.88000 	    2.98971 	    1.33359
  18.89000 	    3.00304 	    1.31875
  18.90000 	    3.01623 	    1.30520
  18.91000 	    3.02928 	    1.29293
  18.92000 	    3.04221 	    1.28194
  18.93000 	    3.05503 	    1.27221
  18.94000 	    3.06775 	    1.26373
  18.95000 	    3.08039 	    1.25649
  18.96000 	    3.09295 	    1.25049
  18.97000 	    3.10546 	    1.24572
  18.98000 	    3.11792 	    1.24217
  18.99000 	    3.13034 	    1.23985
  19.00000 	    3.14274 	    1.23875
  19.01000 	    3.15512 	    1.23886
  19.02000 	    3.16751 	    1.24019
  19.03000 	    3.17991 	    1.24273
  19.04000 	    3.19234 	    1.24649
  19.05000 	    3.20481 	    1.25147
  19.06000 	    3.21732 	    1.25766
  19.07000 	    3.22990 	    1.26508
  19.08000 	    3.24255 	    1.27374
  19.09000 	    3.25529 	    1.28362
  19.10000 	    3.26812 	    1.29475
  19.11000 	    3.28107 	    1.30713
  19.12000 	    3.29414 	    1.32077
  19.13000 	    3.30735 	    1.33568
  19.14000 	    3.32071 	    1.35186
  19.15000 	    3.33422 	    1.36934
  19.16000 	    3.34792 	    1.38812
  19.17000 	    3.36180 	    1.40822
  19.18000 	    3.37588 	    1.42965
  19.19000 	    3.39018 	    1.45242
  19.20000 	    3.40470 	    1.47656
  19.21000 	    3.41947 	    1.50207
  19.22000 	    3.43449 	    1.52898
  19.23000 	    3.44978 	    1.55730
  19.24000 	    3.46535 	    1.58706
  19.25000 	    3.48122 	    1.61827
  19.26000 	    3.49740 	    1.65095
  19.27000 	    3.51391 	    1.68512
  19.28000 	    3.53077 	    1.72081
  19.29000 	    3.54797 	    1.75803
  19.30000 	    3.56555 	    1.79681
  19.31000 	    3.58352 	    1.83717
  19.32000 	    3.60189 	    1.87912
  19.33000 	    3.62068 	    1.92270
  19.34000 	    3.63991 	    1.96792
  19.35000 	    3.65959 	    2.01481
  19.36000 	    3.67974 	    2.06338
  19.37000 	    3.70037 	    2.11366
  19.38000 	    3.72151 	    2.16567
  19.39000 	    3.74317 	    2.21942
  19.40000 	    3.76536 	    2.27494
  19.41000 	    3.78811 	    2.33224
  19.42000 	    3.81143 	    2.39134
  19.43000 	    3.83535 	    2.45225
  19.44000 	    3.85987 	    2.51497
  19.45000 	    3.88502 	    2.57953
  19.46000 	    3.91081 	    2.64593
  19.47000 	    3.93727 	    2.71416
  19.48000 	    3.96441 	    2.78424
  19.49000 	    3.99226 	    2.85615
  19.50000 	    4.02082 	    2.92990
  19.51000 	    4.05012 	    3.00546
  19.52000 	    4.08017 	    3.08282
  19.53000 	    4.11100 	    3.16196
  19.54000 	    4.14262 	    3.24285
  19.55000 	    4.17505 	    3.32545
  19.56000 	    4.20830 	    3.40972
  19.57000 	    4.24240 	    3.49562
  19.58000 	    4.27736 	    3.58309
  19.59000 	    4.31319 	    3.67205
  19.60000 	    4.34991 	    3.76243
  19.61000 	    4.38753 	    3.85416
  19.62000 	    4.42607 	    3.94713
  19.63000 	    4.46554 	    4.04124
  19.64000 	    4.50596 	    4.13636
  19.65000 	    4.54732 	    4.23238
  19.66000 	    4.58964 	    4.32915
  19.67000 	    4.63294 	    4.42651
  19.68000 	    4.67720 	    4.52430
  19.69000 	    4.72244 	    4.62234
  19.70000 	    4.76867 	    4.72043
  19.71000 	    4.81587 	    4.81838
  19.72000 	    4.86405 	    4.91595
  19.73000 	    4.91321 	    5.01293
  19.74000 	    4.96334 	    5.10905
  19.75000 	    5.01443 	    5.20408
  19.76000 	    5.06647 	    5.29774
  19.77000 	    5.11945 	    5.38975
  19.78000 	    5.17335 	    5.47984
  19.79000 	    5.22815 	    5.56770
  19.80000 	    5.28383 	    5.65304
  19.81000 	    5.34036 	    5.73555
  19.82000 	    5.39771 	    5.81494
  19.83000 	    5.45586 	    5.89089
  19.84000 	    5.51477 	    5.96310
  19.85000 	    5.57440 	    6.03128
  19.86000 	    5.63471 	    6.09514
  19.87000 	    5.69566 	    6.15439
  19.88000 	    5.75721 	    6.20876
  19.89000 	    5.81930 	    6.25801
  19.90000 	    5.88188 	    6.30191
  19.91000 	    5.94490 	    6.34023
  19.92000 	    6.00830 	    6.37278
  19.93000 	    6.07203 	    6.39941
  19.94000 	    6.13602 	    6.41997
  19.95000 	    6.20022 	    6.43436
  19.96000 	    6.26456 	    6.44249
  19.97000 	    6.32899 	    6.44431
  19.98000 	    6.39343 	    6.43982
  19.99000 	    6.45783 	    6.42903
