0.000000 85880924.191688
1.047198 113890410.681977
2.094395 327541012.199494
3.141593 5279999999.999998
4.188790 327541012.199494
5.235988 113890410.681977
6.283185 85880924.191688
7.330383 113890410.681977
8.377580 327541012.199493
9.424778 5279999999.999998
10.471976 327541012.199494
11.519173 113890410.681977
12.566371 85880924.191688
13.613568 113890410.681977
14.660766 327541012.199495
15.707963 5279999999.999998
16.755161 327541012.199493
17.802358 113890410.681977
18.849556 85880924.191688
19.896753 113890410.681976
20.943951 327541012.199492
21.991149 5279999999.999998
23.038346 327541012.199497
24.085544 113890410.681977
25.132741 85880924.191688
26.179939 113890410.681976
27.227136 327541012.199488
28.274334 5279999999.999998
29.321531 327541012.199501
30.368729 113890410.681977
31.415927 85880924.191688
32.463124 113890410.681976
33.510322 327541012.199484
34.557519 5279999999.999998
35.604717 327541012.199505
36.651914 113890410.681978
37.699112 85880924.191688
38.746309 113890410.681975
39.793507 327541012.199480
40.840704 5279999999.999998
41.887902 327541012.199509
42.935100 113890410.681978
43.982297 85880924.191688
45.029495 113890410.681975
46.076692 327541012.199477
47.123890 5279999999.999998
48.171087 327541012.199513
49.218285 113890410.681979
50.265482 85880924.191688
51.312680 113890410.681974
52.359878 327541012.199473
53.407075 5279999999.999998
54.454273 327541012.199516
55.501470 113890410.681979
56.548668 85880924.191688
57.595865 113890410.681974
58.643063 327541012.199469
59.690260 5279999999.999998
60.737458 327541012.199520
61.784656 113890410.681980
62.831853 85880924.191688
63.879051 113890410.681973
64.926248 327541012.199469
65.973446 5279999999.999998
67.020643 327541012.199513
68.067841 113890410.681979
69.115038 85880924.191688
70.162236 113890410.681975
71.209433 327541012.199487
72.256631 5279999999.999998
73.303829 327541012.199494
74.351026 113890410.681976
75.398224 85880924.191688
76.445421 113890410.681978
77.492619 327541012.199506
78.539816 5279999999.999998
79.587014 327541012.199475
80.634211 113890410.681974
81.681409 85880924.191688
82.728607 113890410.681980
83.775804 327541012.199525
84.823002 5279999999.999998
85.870199 327541012.199457
86.917397 113890410.681972
87.964594 85880924.191688
89.011792 113890410.681982
90.058989 327541012.199544
91.106187 5279999999.999998
92.153385 327541012.199438
93.200582 113890410.681969
94.247780 85880924.191688
95.294977 113890410.681984
96.342175 327541012.199562
97.389372 5279999999.999998
98.436570 327541012.199419
99.483767 113890410.681967
100.530965 85880924.191688
101.578162 113890410.681987
102.625360 327541012.199581
103.672558 5279999999.999998
104.719755 327541012.199400
105.766953 113890410.681965
106.814150 85880924.191688
107.861348 113890410.681989
108.908545 327541012.199600
109.955743 5279999999.999998
111.002940 327541012.199382
112.050138 113890410.681963
113.097336 85880924.191688
114.144533 113890410.681991
115.191731 327541012.199619
116.238928 5279999999.999998
117.286126 327541012.199363
118.333323 113890410.681960
119.380521 85880924.191688
120.427718 113890410.681994
121.474916 327541012.199638
122.522113 5279999999.999998
123.569311 327541012.199344
124.616509 113890410.681958
125.663706 85880924.191688
126.710904 113890410.681996
127.758101 327541012.199656
128.805299 5279999999.999998
129.852496 327541012.199333
130.899694 113890410.681957
131.946891 85880924.191688
132.994089 113890410.681997
134.041287 327541012.199668
135.088484 5279999999.999998
136.135682 327541012.199314
137.182879 113890410.681954
138.230077 85880924.191688
139.277274 113890410.681999
140.324472 327541012.199686
141.371669 5279999999.999998
142.418867 327541012.199295
143.466065 113890410.681952
144.513262 85880924.191688
145.560460 113890410.682002
146.607657 327541012.199705
147.654855 5279999999.999998
148.702052 327541012.199276
149.749250 113890410.681950
150.796447 85880924.191688
151.843645 113890410.682004
152.890842 327541012.199724
153.938040 5279999999.999998
154.985238 327541012.199258
156.032435 113890410.681948
157.079633 85880924.191688
158.126830 113890410.682006
159.174028 327541012.199743
160.221225 5279999999.999998
161.268423 327541012.199239
162.315620 113890410.681945
163.362818 85880924.191688
164.410016 113890410.682009
165.457213 327541012.199761
166.504411 5279999999.999998
167.551608 327541012.199220
168.598806 113890410.681943
169.646003 85880924.191688
170.693201 113890410.682011
171.740398 327541012.199780
172.787596 5279999999.999998
173.834793 327541012.199201
174.881991 113890410.681941
175.929189 85880924.191688
176.976386 113890410.682013
178.023584 327541012.199799
179.070781 5279999999.999998
180.117979 327541012.199183
181.165176 113890410.681939
182.212374 85880924.191688
183.259571 113890410.682015
184.306769 327541012.199818
185.353967 5279999999.999998
186.401164 327541012.199164
187.448362 113890410.681936
