      x         y          u
  -5.00000  -5.00000  -1.00000e+99
  -4.80000  -5.00000  -1.00000e+99
  -4.60000  -5.00000  -1.00000e+99
  -4.40000  -5.00000  -1.00000e+99
  -4.20000  -5.00000  -1.00000e+99
  -4.00000  -5.00000  -1.00000e+99
  -3.80000  -5.00000  -1.00000e+99
  -3.60000  -5.00000  -1.00000e+99
  -3.40000  -5.00000  -1.00000e+99
  -3.20000  -5.00000  -1.00000e+99
  -3.00000  -5.00000  -1.00000e+99
  -2.80000  -5.00000  -1.00000e+99
  -2.60000  -5.00000  -1.00000e+99
  -2.40000  -5.00000  -1.00000e+99
  -2.20000  -5.00000  -1.00000e+99
  -2.00000  -5.00000  -1.00000e+99
  -1.80000  -5.00000  -1.00000e+99
  -1.60000  -5.00000  -1.00000e+99
  -1.40000  -5.00000  -1.00000e+99
  -1.20000  -5.00000  -1.00000e+99
  -1.00000  -5.00000  -1.00000e+99
  -0.80000  -5.00000  -1.00000e+99
  -0.60000  -5.00000  -1.00000e+99
  -0.40000  -5.00000  -1.00000e+99
  -0.20000  -5.00000   0.00000e+00
   0.00000  -5.00000   0.00000e+00
   0.20000  -5.00000   0.00000e+00
   0.40000  -5.00000  -1.00000e+99
   0.60000  -5.00000  -1.00000e+99
   0.80000  -5.00000  -1.00000e+99
   1.00000  -5.00000  -1.00000e+99
   1.20000  -5.00000  -1.00000e+99
   1.40000  -5.00000  -1.00000e+99
   1.60000  -5.00000  -1.00000e+99
   1.80000  -5.00000  -1.00000e+99
   2.00000  -5.00000  -1.00000e+99
   2.20000  -5.00000  -1.00000e+99
   2.40000  -5.00000  -1.00000e+99
   2.60000  -5.00000  -1.00000e+99
   2.80000  -5.00000  -1.00000e+99
   3.00000  -5.00000  -1.00000e+99
   3.20000  -5.00000  -1.00000e+99
   3.40000  -5.00000  -1.00000e+99
   3.60000  -5.00000  -1.00000e+99
   3.80000  -5.00000  -1.00000e+99
   4.00000  -5.00000  -1.00000e+99
   4.20000  -5.00000  -1.00000e+99
   4.40000  -5.00000  -1.00000e+99
   4.60000  -5.00000  -1.00000e+99
   4.80000  -5.00000  -1.00000e+99
   5.00000  -5.00000  -1.00000e+99
  -5.00000  -4.80000  -1.00000e+99
  -4.80000  -4.80000  -1.00000e+99
  -4.60000  -4.80000  -1.00000e+99
  -4.40000  -4.80000  -1.00000e+99
  -4.20000  -4.80000  -1.00000e+99
  -4.00000  -4.80000  -1.00000e+99
  -3.80000  -4.80000  -1.00000e+99
  -3.60000  -4.80000  -1.00000e+99
  -3.40000  -4.80000  -1.00000e+99
  -3.20000  -4.80000  -1.00000e+99
  -3.00000  -4.80000  -1.00000e+99
  -2.80000  -4.80000  -1.00000e+99
  -2.60000  -4.80000  -1.00000e+99
  -2.40000  -4.80000  -1.00000e+99
  -2.20000  -4.80000  -1.00000e+99
  -2.00000  -4.80000  -1.00000e+99
  -1.80000  -4.80000  -1.00000e+99
  -1.60000  -4.80000  -1.00000e+99
  -1.40000  -4.80000   2.60000e+01
  -1.20000  -4.80000   1.19885e+01
  -1.00000  -4.80000   7.10257e+00
  -0.80000  -4.80000   5.03064e+00
  -0.60000  -4.80000   3.95617e+00
  -0.40000  -4.80000   3.29410e+00
  -0.20000  -4.80000   2.83000e+00
   0.00000  -4.80000   2.47364e+00
   0.20000  -4.80000   2.18115e+00
   0.40000  -4.80000   1.92744e+00
   0.60000  -4.80000   1.69420e+00
   0.80000  -4.80000   1.46160e+00
   1.00000  -4.80000   1.19454e+00
   1.20000  -4.80000   8.03008e-01
   1.40000  -4.80000   0.00000e+00
   1.60000  -4.80000  -1.00000e+99
   1.80000  -4.80000  -1.00000e+99
   2.00000  -4.80000  -1.00000e+99
   2.20000  -4.80000  -1.00000e+99
   2.40000  -4.80000  -1.00000e+99
   2.60000  -4.80000  -1.00000e+99
   2.80000  -4.80000  -1.00000e+99
   3.00000  -4.80000  -1.00000e+99
   3.20000  -4.80000  -1.00000e+99
   3.40000  -4.80000  -1.00000e+99
   3.60000  -4.80000  -1.00000e+99
   3.80000  -4.80000  -1.00000e+99
   4.00000  -4.80000  -1.00000e+99
   4.20000  -4.80000  -1.00000e+99
   4.40000  -4.80000  -1.00000e+99
   4.60000  -4.80000  -1.00000e+99
   4.80000  -4.80000  -1.00000e+99
   5.00000  -4.80000  -1.00000e+99
  -5.00000  -4.60000  -1.00000e+99
  -4.80000  -4.60000  -1.00000e+99
  -4.60000  -4.60000  -1.00000e+99
  -4.40000  -4.60000  -1.00000e+99
  -4.20000  -4.60000  -1.00000e+99
  -4.00000  -4.60000  -1.00000e+99
  -3.80000  -4.60000  -1.00000e+99
  -3.60000  -4.60000  -1.00000e+99
  -3.40000  -4.60000  -1.00000e+99
  -3.20000  -4.60000  -1.00000e+99
  -3.00000  -4.60000  -1.00000e+99
  -2.80000  -4.60000  -1.00000e+99
  -2.60000  -4.60000  -1.00000e+99
  -2.40000  -4.60000  -1.00000e+99
  -2.20000  -4.60000  -1.00000e+99
  -2.00000  -4.60000   3.80000e+01
  -1.80000  -4.60000   1.93027e+01
  -1.60000  -4.60000   1.47415e+01
  -1.40000  -4.60000   1.88314e+01
  -1.20000  -4.60000   1.48515e+01
  -1.00000  -4.60000   1.13911e+01
  -0.80000  -4.60000   9.06383e+00
  -0.60000  -4.60000   7.49998e+00
  -0.40000  -4.60000   6.39026e+00
  -0.20000  -4.60000   5.55230e+00
   0.00000  -4.60000   4.88341e+00
   0.20000  -4.60000   4.32355e+00
   0.40000  -4.60000   3.83443e+00
   0.60000  -4.60000   3.38780e+00
   0.80000  -4.60000   2.95766e+00
   1.00000  -4.60000   2.51357e+00
   1.20000  -4.60000   2.01750e+00
   1.40000  -4.60000   1.45448e+00
   1.60000  -4.60000   1.08383e+00
   1.80000  -4.60000   6.88599e-01
   2.00000  -4.60000   0.00000e+00
   2.20000  -4.60000  -1.00000e+99
   2.40000  -4.60000  -1.00000e+99
   2.60000  -4.60000  -1.00000e+99
   2.80000  -4.60000  -1.00000e+99
   3.00000  -4.60000  -1.00000e+99
   3.20000  -4.60000  -1.00000e+99
   3.40000  -4.60000  -1.00000e+99
   3.60000  -4.60000  -1.00000e+99
   3.80000  -4.60000  -1.00000e+99
   4.00000  -4.60000  -1.00000e+99
   4.20000  -4.60000  -1.00000e+99
   4.40000  -4.60000  -1.00000e+99
   4.60000  -4.60000  -1.00000e+99
   4.80000  -4.60000  -1.00000e+99
   5.00000  -4.60000  -1.00000e+99
  -5.00000  -4.40000  -1.00000e+99
  -4.80000  -4.40000  -1.00000e+99
  -4.60000  -4.40000  -1.00000e+99
  -4.40000  -4.40000  -1.00000e+99
  -4.20000  -4.40000  -1.00000e+99
  -4.00000  -4.40000  -1.00000e+99
  -3.80000  -4.40000  -1.00000e+99
  -3.60000  -4.40000  -1.00000e+99
  -3.40000  -4.40000  -1.00000e+99
  -3.20000  -4.40000  -1.00000e+99
  -3.00000  -4.40000  -1.00000e+99
  -2.80000  -4.40000  -1.00000e+99
  -2.60000  -4.40000  -1.00000e+99
  -2.40000  -4.40000   4.60000e+01
  -2.20000  -4.40000   2.73842e+01
  -2.00000  -4.40000   3.02347e+01
  -1.80000  -4.40000   2.44694e+01
  -1.60000  -4.40000   2.08321e+01
  -1.40000  -4.40000   1.97325e+01
  -1.20000  -4.40000   1.71948e+01
  -1.00000  -4.40000   1.45468e+01
  -0.80000  -4.40000   1.23336e+01
  -0.60000  -4.40000   1.05897e+01
  -0.40000  -4.40000   9.21469e+00
  -0.20000  -4.40000   8.10557e+00
   0.00000  -4.40000   7.18420e+00
   0.20000  -4.40000   6.39525e+00
   0.40000  -4.40000   5.69896e+00
   0.60000  -4.40000   5.06495e+00
   0.80000  -4.40000   4.46772e+00
   1.00000  -4.40000   3.88459e+00
   1.20000  -4.40000   3.29898e+00
   1.40000  -4.40000   2.71661e+00
   1.60000  -4.40000   2.19224e+00
   1.80000  -4.40000   1.67058e+00
   2.00000  -4.40000   1.10792e+00
   2.20000  -4.40000   6.62310e-01
   2.40000  -4.40000   0.00000e+00
   2.60000  -4.40000  -1.00000e+99
   2.80000  -4.40000  -1.00000e+99
   3.00000  -4.40000  -1.00000e+99
   3.20000  -4.40000  -1.00000e+99
   3.40000  -4.40000  -1.00000e+99
   3.60000  -4.40000  -1.00000e+99
   3.80000  -4.40000  -1.00000e+99
   4.00000  -4.40000  -1.00000e+99
   4.20000  -4.40000  -1.00000e+99
   4.40000  -4.40000  -1.00000e+99
   4.60000  -4.40000  -1.00000e+99
   4.80000  -4.40000  -1.00000e+99
   5.00000  -4.40000  -1.00000e+99
  -5.00000  -4.20000  -1.00000e+99
  -4.80000  -4.20000  -1.00000e+99
  -4.60000  -4.20000  -1.00000e+99
  -4.40000  -4.20000  -1.00000e+99
  -4.20000  -4.20000  -1.00000e+99
  -4.00000  -4.20000  -1.00000e+99
  -3.80000  -4.20000  -1.00000e+99
  -3.60000  -4.20000  -1.00000e+99
  -3.40000  -4.20000  -1.00000e+99
  -3.20000  -4.20000  -1.00000e+99
  -3.00000  -4.20000  -1.00000e+99
  -2.80000  -4.20000   5.40000e+01
  -2.60000  -4.20000   3.38704e+01
  -2.40000  -4.20000   3.83261e+01
  -2.20000  -4.20000   3.33023e+01
  -2.00000  -4.20000   3.10851e+01
  -1.80000  -4.20000   2.75081e+01
  -1.60000  -4.20000   2.43849e+01
  -1.40000  -4.20000   2.20719e+01
  -1.20000  -4.20000   1.96487e+01
  -1.00000  -4.20000   1.72675e+01
  -0.80000  -4.20000   1.51341e+01
  -0.60000  -4.20000   1.33106e+01
  -0.40000  -4.20000   1.17733e+01
  -0.20000  -4.20000   1.04711e+01
   0.00000  -4.20000   9.35264e+00
   0.20000  -4.20000   8.37432e+00
   0.40000  -4.20000   7.50127e+00
   0.60000  -4.20000   6.70537e+00
   0.80000  -4.20000   5.96372e+00
   1.00000  -4.20000   5.25815e+00
   1.20000  -4.20000   4.57727e+00
   1.40000  -4.20000   3.92076e+00
   1.60000  -4.20000   3.29798e+00
   1.80000  -4.20000   2.69359e+00
   2.00000  -4.20000   2.09880e+00
   2.20000  -4.20000   1.54133e+00
   2.40000  -4.20000   9.79137e-01
   2.60000  -4.20000   5.56786e-01
   2.80000  -4.20000   0.00000e+00
   3.00000  -4.20000  -1.00000e+99
   3.20000  -4.20000  -1.00000e+99
   3.40000  -4.20000  -1.00000e+99
   3.60000  -4.20000  -1.00000e+99
   3.80000  -4.20000  -1.00000e+99
   4.00000  -4.20000  -1.00000e+99
   4.20000  -4.20000  -1.00000e+99
   4.40000  -4.20000  -1.00000e+99
   4.60000  -4.20000  -1.00000e+99
   4.80000  -4.20000  -1.00000e+99
   5.00000  -4.20000  -1.00000e+99
  -5.00000  -4.00000  -1.00000e+99
  -4.80000  -4.00000  -1.00000e+99
  -4.60000  -4.00000  -1.00000e+99
  -4.40000  -4.00000  -1.00000e+99
  -4.20000  -4.00000  -1.00000e+99
  -4.00000  -4.00000  -1.00000e+99
  -3.80000  -4.00000  -1.00000e+99
  -3.60000  -4.00000  -1.00000e+99
  -3.40000  -4.00000  -1.00000e+99
  -3.20000  -4.00000  -1.00000e+99
  -3.00000  -4.00000   5.80000e+01
  -2.80000  -4.00000   5.18842e+01
  -2.60000  -4.00000   4.31557e+01
  -2.40000  -4.00000   4.01318e+01
  -2.20000  -4.00000   3.64137e+01
  -2.00000  -4.00000   3.32955e+01
  -1.80000  -4.00000   3.00929e+01
  -1.60000  -4.00000   2.71276e+01
  -1.40000  -4.00000   2.45216e+01
  -1.20000  -4.00000   2.20604e+01
  -1.00000  -4.00000   1.97407e+01
  -0.80000  -4.00000   1.76247e+01
  -0.60000  -4.00000   1.57453e+01
  -0.40000  -4.00000   1.40969e+01
  -0.20000  -4.00000   1.26531e+01
   0.00000  -4.00000   1.13810e+01
   0.20000  -4.00000   1.02482e+01
   0.40000  -4.00000   9.22648e+00
   0.60000  -4.00000   8.29162e+00
   0.80000  -4.00000   7.42369e+00
   1.00000  -4.00000   6.60707e+00
   1.20000  -4.00000   5.83122e+00
   1.40000  -4.00000   5.09125e+00
   1.60000  -4.00000   4.38537e+00
   1.80000  -4.00000   3.70704e+00
   2.00000  -4.00000   3.05238e+00
   2.20000  -4.00000   2.42511e+00
   2.40000  -4.00000   1.81845e+00
   2.60000  -4.00000   1.24802e+00
   2.80000  -4.00000   6.42807e-01
   3.00000  -4.00000   0.00000e+00
   3.20000  -4.00000  -1.00000e+99
   3.40000  -4.00000  -1.00000e+99
   3.60000  -4.00000  -1.00000e+99
   3.80000  -4.00000  -1.00000e+99
   4.00000  -4.00000  -1.00000e+99
   4.20000  -4.00000  -1.00000e+99
   4.40000  -4.00000  -1.00000e+99
   4.60000  -4.00000  -1.00000e+99
   4.80000  -4.00000  -1.00000e+99
   5.00000  -4.00000  -1.00000e+99
  -5.00000  -3.80000  -1.00000e+99
  -4.80000  -3.80000  -1.00000e+99
  -4.60000  -3.80000  -1.00000e+99
  -4.40000  -3.80000  -1.00000e+99
  -4.20000  -3.80000  -1.00000e+99
  -4.00000  -3.80000  -1.00000e+99
  -3.80000  -3.80000  -1.00000e+99
  -3.60000  -3.80000  -1.00000e+99
  -3.40000  -3.80000  -1.00000e+99
  -3.20000  -3.80000   6.20000e+01
  -3.00000  -3.80000   5.75604e+01
  -2.80000  -3.80000   5.23812e+01
  -2.60000  -3.80000   4.67362e+01
  -2.40000  -3.80000   4.26319e+01
  -2.20000  -3.80000   3.89253e+01
  -2.00000  -3.80000   3.55905e+01
  -1.80000  -3.80000   3.24403e+01
  -1.60000  -3.80000   2.95110e+01
  -1.40000  -3.80000   2.68266e+01
  -1.20000  -3.80000   2.43309e+01
  -1.00000  -3.80000   2.20100e+01
  -0.80000  -3.80000   1.98790e+01
  -0.60000  -3.80000   1.79490e+01
  -0.40000  -3.80000   1.62158e+01
  -0.20000  -3.80000   1.46636e+01
   0.00000  -3.80000   1.32699e+01
   0.20000  -3.80000   1.20112e+01
   0.40000  -3.80000   1.08649e+01
   0.60000  -3.80000   9.81102e+00
   0.80000  -3.80000   8.83242e+00
   1.00000  -3.80000   7.91530e+00
   1.20000  -3.80000   7.04938e+00
   1.40000  -3.80000   6.22770e+00
   1.60000  -3.80000   5.44526e+00
   1.80000  -3.80000   4.69688e+00
   2.00000  -3.80000   3.97861e+00
   2.20000  -3.80000   3.28832e+00
   2.40000  -3.80000   2.62155e+00
   2.60000  -3.80000   1.97404e+00
   2.80000  -3.80000   1.32322e+00
   3.00000  -3.80000   6.63272e-01
   3.20000  -3.80000   0.00000e+00
   3.40000  -3.80000  -1.00000e+99
   3.60000  -3.80000  -1.00000e+99
   3.80000  -3.80000  -1.00000e+99
   4.00000  -3.80000  -1.00000e+99
   4.20000  -3.80000  -1.00000e+99
   4.40000  -3.80000  -1.00000e+99
   4.60000  -3.80000  -1.00000e+99
   4.80000  -3.80000  -1.00000e+99
   5.00000  -3.80000  -1.00000e+99
  -5.00000  -3.60000  -1.00000e+99
  -4.80000  -3.60000  -1.00000e+99
  -4.60000  -3.60000  -1.00000e+99
  -4.40000  -3.60000  -1.00000e+99
  -4.20000  -3.60000  -1.00000e+99
  -4.00000  -3.60000  -1.00000e+99
  -3.80000  -3.60000  -1.00000e+99
  -3.60000  -3.60000  -1.00000e+99
  -3.40000  -3.60000   6.60000e+01
  -3.20000  -3.60000   6.20777e+01
  -3.00000  -3.60000   5.78606e+01
  -2.80000  -3.60000   5.33440e+01
  -2.60000  -3.60000   4.87761e+01
  -2.40000  -3.60000   4.47342e+01
  -2.20000  -3.60000   4.10650e+01
  -2.00000  -3.60000   3.77008e+01
  -1.80000  -3.60000   3.45671e+01
  -1.60000  -3.60000   3.16496e+01
  -1.40000  -3.60000   2.89430e+01
  -1.20000  -3.60000   2.64265e+01
  -1.00000  -3.60000   2.40896e+01
  -0.80000  -3.60000   2.19325e+01
  -0.60000  -3.60000   1.99558e+01
  -0.40000  -3.60000   1.81541e+01
  -0.20000  -3.60000   1.65155e+01
   0.00000  -3.60000   1.50241e+01
   0.20000  -3.60000   1.36618e+01
   0.40000  -3.60000   1.24110e+01
   0.60000  -3.60000   1.12552e+01
   0.80000  -3.60000   1.01798e+01
   1.00000  -3.60000   9.17243e+00
   1.20000  -3.60000   8.22337e+00
   1.40000  -3.60000   7.32498e+00
   1.60000  -3.60000   6.47118e+00
   1.80000  -3.60000   5.65666e+00
   2.00000  -3.60000   4.87692e+00
   2.20000  -3.60000   4.12805e+00
   2.40000  -3.60000   3.40544e+00
   2.60000  -3.60000   2.70341e+00
   2.80000  -3.60000   2.01278e+00
   3.00000  -3.60000   1.32988e+00
   3.20000  -3.60000   6.57012e-01
   3.40000  -3.60000   0.00000e+00
   3.60000  -3.60000  -1.00000e+99
   3.80000  -3.60000  -1.00000e+99
   4.00000  -3.60000  -1.00000e+99
   4.20000  -3.60000  -1.00000e+99
   4.40000  -3.60000  -1.00000e+99
   4.60000  -3.60000  -1.00000e+99
   4.80000  -3.60000  -1.00000e+99
   5.00000  -3.60000  -1.00000e+99
  -5.00000  -3.40000  -1.00000e+99
  -4.80000  -3.40000  -1.00000e+99
  -4.60000  -3.40000  -1.00000e+99
  -4.40000  -3.40000  -1.00000e+99
  -4.20000  -3.40000  -1.00000e+99
  -4.00000  -3.40000  -1.00000e+99
  -3.80000  -3.40000  -1.00000e+99
  -3.60000  -3.40000   7.00000e+01
  -3.40000  -3.40000   6.62902e+01
  -3.20000  -3.40000   6.24504e+01
  -3.00000  -3.40000   5.84600e+01
  -2.80000  -3.40000   5.43584e+01
  -2.60000  -3.40000   5.02899e+01
  -2.40000  -3.40000   4.64640e+01
  -2.20000  -3.40000   4.28999e+01
  -2.00000  -3.40000   3.95806e+01
  -1.80000  -3.40000   3.64779e+01
  -1.60000  -3.40000   3.35773e+01
  -1.40000  -3.40000   3.08693e+01
  -1.20000  -3.40000   2.83427e+01
  -1.00000  -3.40000   2.59895e+01
  -0.80000  -3.40000   2.38058e+01
  -0.60000  -3.40000   2.17878e+01
  -0.40000  -3.40000   1.99293e+01
  -0.20000  -3.40000   1.82205e+01
   0.00000  -3.40000   1.66491e+01
   0.20000  -3.40000   1.52011e+01
   0.40000  -3.40000   1.38623e+01
   0.60000  -3.40000   1.26191e+01
   0.80000  -3.40000   1.14591e+01
   1.00000  -3.40000   1.03714e+01
   1.20000  -3.40000   9.34680e+00
   1.40000  -3.40000   8.37777e+00
   1.60000  -3.40000   7.45791e+00
   1.80000  -3.40000   6.58173e+00
   2.00000  -3.40000   5.74442e+00
   2.20000  -3.40000   4.94159e+00
   2.40000  -3.40000   4.16880e+00
   2.60000  -3.40000   3.42141e+00
   2.80000  -3.40000   2.69466e+00
   3.00000  -3.40000   1.98647e+00
   3.20000  -3.40000   1.29818e+00
   3.40000  -3.40000   6.33987e-01
   3.60000  -3.40000   0.00000e+00
   3.80000  -3.40000  -1.00000e+99
   4.00000  -3.40000  -1.00000e+99
   4.20000  -3.40000  -1.00000e+99
   4.40000  -3.40000  -1.00000e+99
   4.60000  -3.40000  -1.00000e+99
   4.80000  -3.40000  -1.00000e+99
   5.00000  -3.40000  -1.00000e+99
  -5.00000  -3.20000  -1.00000e+99
  -4.80000  -3.20000  -1.00000e+99
  -4.60000  -3.20000  -1.00000e+99
  -4.40000  -3.20000  -1.00000e+99
  -4.20000  -3.20000  -1.00000e+99
  -4.00000  -3.20000  -1.00000e+99
  -3.80000  -3.20000   7.40000e+01
  -3.60000  -3.20000   7.03795e+01
  -3.40000  -3.20000   6.67104e+01
  -3.20000  -3.20000   6.29737e+01
  -3.00000  -3.20000   5.91708e+01
  -2.80000  -3.20000   5.53395e+01
  -2.60000  -3.20000   5.15614e+01
  -2.40000  -3.20000   4.79320e+01
  -2.20000  -3.20000   4.44902e+01
  -2.00000  -3.20000   4.12437e+01
  -1.80000  -3.20000   3.81868e+01
  -1.60000  -3.20000   3.53125e+01
  -1.40000  -3.20000   3.26143e+01
  -1.20000  -3.20000   3.00856e+01
  -1.00000  -3.20000   2.77202e+01
  -0.80000  -3.20000   2.55134e+01
  -0.60000  -3.20000   2.34604e+01
  -0.40000  -3.20000   2.15548e+01
  -0.20000  -3.20000   1.97883e+01
   0.00000  -3.20000   1.81509e+01
   0.20000  -3.20000   1.66314e+01
   0.40000  -3.20000   1.52182e+01
   0.60000  -3.20000   1.39000e+01
   0.80000  -3.20000   1.26662e+01
   1.00000  -3.20000   1.15073e+01
   1.20000  -3.20000   1.04148e+01
   1.40000  -3.20000   9.38149e+00
   1.60000  -3.20000   8.40105e+00
   1.80000  -3.20000   7.46802e+00
   2.00000  -3.20000   6.57752e+00
   2.20000  -3.20000   5.72515e+00
   2.40000  -3.20000   4.90684e+00
   2.60000  -3.20000   4.11881e+00
   2.80000  -3.20000   3.35803e+00
   3.00000  -3.20000   2.62317e+00
   3.20000  -3.20000   1.91528e+00
   3.40000  -3.20000   1.23778e+00
   3.60000  -3.20000   5.96507e-01
   3.80000  -3.20000   0.00000e+00
   4.00000  -3.20000  -1.00000e+99
   4.20000  -3.20000  -1.00000e+99
   4.40000  -3.20000  -1.00000e+99
   4.60000  -3.20000  -1.00000e+99
   4.80000  -3.20000  -1.00000e+99
   5.00000  -3.20000  -1.00000e+99
  -5.00000  -3.00000  -1.00000e+99
  -4.80000  -3.00000  -1.00000e+99
  -4.60000  -3.00000  -1.00000e+99
  -4.40000  -3.00000  -1.00000e+99
  -4.20000  -3.00000  -1.00000e+99
  -4.00000  -3.00000   7.80000e+01
  -3.80000  -3.00000   7.44001e+01
  -3.60000  -3.00000   7.08074e+01
  -3.40000  -3.00000   6.71983e+01
  -3.20000  -3.00000   6.35633e+01
  -3.00000  -3.00000   5.99100e+01
  -2.80000  -3.00000   5.62675e+01
  -2.60000  -3.00000   5.26842e+01
  -2.40000  -3.00000   4.92125e+01
  -2.20000  -3.00000   4.58853e+01
  -2.00000  -3.00000   4.27174e+01
  -1.80000  -3.00000   3.97131e+01
  -1.60000  -3.00000   3.68716e+01
  -1.40000  -3.00000   3.41902e+01
  -1.20000  -3.00000   3.16652e+01
  -1.00000  -3.00000   2.92923e+01
  -0.80000  -3.00000   2.70674e+01
  -0.60000  -3.00000   2.49857e+01
  -0.40000  -3.00000   2.30413e+01
  -0.20000  -3.00000   2.12271e+01
   0.00000  -3.00000   1.95349e+01
   0.20000  -3.00000   1.79554e+01
   0.40000  -3.00000   1.64792e+01
   0.60000  -3.00000   1.50966e+01
   0.80000  -3.00000   1.37986e+01
   1.00000  -3.00000   1.25769e+01
   1.20000  -3.00000   1.14238e+01
   1.40000  -3.00000   1.03324e+01
   1.60000  -3.00000   9.29691e+00
   1.80000  -3.00000   8.31187e+00
   2.00000  -3.00000   7.37257e+00
   2.20000  -3.00000   6.47476e+00
   2.40000  -3.00000   5.61466e+00
   2.60000  -3.00000   4.78905e+00
   2.80000  -3.00000   3.99551e+00
   3.00000  -3.00000   3.23296e+00
   3.20000  -3.00000   2.50203e+00
   3.40000  -3.00000   1.80535e+00
   3.60000  -3.00000   1.14826e+00
   3.80000  -3.00000   5.40454e-01
   4.00000  -3.00000   0.00000e+00
   4.20000  -3.00000  -1.00000e+99
   4.40000  -3.00000  -1.00000e+99
   4.60000  -3.00000  -1.00000e+99
   4.80000  -3.00000  -1.00000e+99
   5.00000  -3.00000  -1.00000e+99
  -5.00000  -2.80000  -1.00000e+99
  -4.80000  -2.80000  -1.00000e+99
  -4.60000  -2.80000  -1.00000e+99
  -4.40000  -2.80000  -1.00000e+99
  -4.20000  -2.80000   8.20000e+01
  -4.00000  -2.80000   7.83542e+01
  -3.80000  -2.80000   7.47930e+01
  -3.60000  -2.80000   7.12519e+01
  -3.40000  -2.80000   6.77121e+01
  -3.20000  -2.80000   6.41712e+01
  -3.00000  -2.80000   6.06387e+01
  -2.80000  -2.80000   5.71363e+01
  -2.60000  -2.80000   5.36954e+01
  -2.40000  -2.80000   5.03487e+01
  -2.20000  -2.80000   4.71210e+01
  -2.00000  -2.80000   4.40278e+01
  -1.80000  -2.80000   4.10767e+01
  -1.60000  -2.80000   3.82706e+01
  -1.40000  -2.80000   3.56099e+01
  -1.20000  -2.80000   3.30928e+01
  -1.00000  -2.80000   3.07167e+01
  -0.80000  -2.80000   2.84784e+01
  -0.60000  -2.80000   2.63738e+01
  -0.40000  -2.80000   2.43977e+01
  -0.20000  -2.80000   2.25442e+01
   0.00000  -2.80000   2.08064e+01
   0.20000  -2.80000   1.91765e+01
   0.40000  -2.80000   1.76466e+01
   0.60000  -2.80000   1.62087e+01
   0.80000  -2.80000   1.48550e+01
   1.00000  -2.80000   1.35781e+01
   1.20000  -2.80000   1.23710e+01
   1.40000  -2.80000   1.12277e+01
   1.60000  -2.80000   1.01424e+01
   1.80000  -2.80000   9.11011e+00
   2.00000  -2.80000   8.12623e+00
   2.20000  -2.80000   7.18674e+00
   2.40000  -2.80000   6.28808e+00
   2.60000  -2.80000   5.42727e+00
   2.80000  -2.80000   4.60207e+00
   3.00000  -2.80000   3.81120e+00
   3.20000  -2.80000   3.05455e+00
   3.40000  -2.80000   2.33337e+00
   3.60000  -2.80000   1.65076e+00
   3.80000  -2.80000   1.01356e+00
   4.00000  -2.80000   4.40452e-01
   4.20000  -2.80000   0.00000e+00
   4.40000  -2.80000  -1.00000e+99
   4.60000  -2.80000  -1.00000e+99
   4.80000  -2.80000  -1.00000e+99
   5.00000  -2.80000  -1.00000e+99
  -5.00000  -2.60000  -1.00000e+99
  -4.80000  -2.60000  -1.00000e+99
  -4.60000  -2.60000  -1.00000e+99
  -4.40000  -2.60000  -1.00000e+99
  -4.20000  -2.60000   8.20000e+01
  -4.00000  -2.60000   7.86239e+01
  -3.80000  -2.60000   7.51660e+01
  -3.60000  -2.60000   7.16950e+01
  -3.40000  -2.60000   6.82271e+01
  -3.20000  -2.60000   6.47707e+01
  -3.00000  -2.60000   6.13372e+01
  -2.80000  -2.60000   5.79439e+01
  -2.60000  -2.60000   5.46126e+01
  -2.40000  -2.60000   5.13658e+01
  -2.20000  -2.60000   4.82225e+01
  -2.00000  -2.60000   4.51962e+01
  -1.80000  -2.60000   4.22953e+01
  -1.60000  -2.60000   3.95246e+01
  -1.40000  -2.60000   3.68860e+01
  -1.20000  -2.60000   3.43794e+01
  -1.00000  -2.60000   3.20035e+01
  -0.80000  -2.60000   2.97560e+01
  -0.60000  -2.60000   2.76335e+01
  -0.40000  -2.60000   2.56318e+01
  -0.20000  -2.60000   2.37459e+01
   0.00000  -2.60000   2.19700e+01
   0.20000  -2.60000   2.02977e+01
   0.40000  -2.60000   1.87222e+01
   0.60000  -2.60000   1.72368e+01
   0.80000  -2.60000   1.58348e+01
   1.00000  -2.60000   1.45094e+01
   1.20000  -2.60000   1.32548e+01
   1.40000  -2.60000   1.20651e+01
   1.60000  -2.60000   1.09351e+01
   1.80000  -2.60000   9.86004e+00
   2.00000  -2.60000   8.83563e+00
   2.20000  -2.60000   7.85800e+00
   2.40000  -2.60000   6.92375e+00
   2.60000  -2.60000   6.02998e+00
   2.80000  -2.60000   5.17438e+00
   3.00000  -2.60000   4.35528e+00
   3.20000  -2.60000   3.57165e+00
   3.40000  -2.60000   2.82285e+00
   3.60000  -2.60000   2.10788e+00
   3.80000  -2.60000   1.42259e+00
   4.00000  -2.60000   7.48255e-01
   4.20000  -2.60000   0.00000e+00
   4.40000  -2.60000  -1.00000e+99
   4.60000  -2.60000  -1.00000e+99
   4.80000  -2.60000  -1.00000e+99
   5.00000  -2.60000  -1.00000e+99
  -5.00000  -2.40000  -1.00000e+99
  -4.80000  -2.40000  -1.00000e+99
  -4.60000  -2.40000  -1.00000e+99
  -4.40000  -2.40000   8.60000e+01
  -4.20000  -2.40000   8.24153e+01
  -4.00000  -2.40000   7.89754e+01
  -3.80000  -2.40000   7.55519e+01
  -3.60000  -2.40000   7.21351e+01
  -3.40000  -2.40000   6.87308e+01
  -3.20000  -2.40000   6.53473e+01
  -3.00000  -2.40000   6.19955e+01
  -2.80000  -2.40000   5.86895e+01
  -2.60000  -2.40000   5.54453e+01
  -2.40000  -2.40000   5.22797e+01
  -2.20000  -2.40000   4.92071e+01
  -2.00000  -2.40000   4.62392e+01
  -1.80000  -2.40000   4.33840e+01
  -1.60000  -2.40000   4.06467e+01
  -1.40000  -2.40000   3.80302e+01
  -1.20000  -2.40000   3.55355e+01
  -1.00000  -2.40000   3.31622e+01
  -0.80000  -2.40000   3.09087e+01
  -0.60000  -2.40000   2.87725e+01
  -0.40000  -2.40000   2.67502e+01
  -0.20000  -2.40000   2.48377e+01
   0.00000  -2.40000   2.30301e+01
   0.20000  -2.40000   2.13221e+01
   0.40000  -2.40000   1.97080e+01
   0.60000  -2.40000   1.81819e+01
   0.80000  -2.40000   1.67379e+01
   1.00000  -2.40000   1.53703e+01
   1.20000  -2.40000   1.40737e+01
   1.40000  -2.40000   1.28429e+01
   1.60000  -2.40000   1.16729e+01
   1.80000  -2.40000   1.05595e+01
   2.00000  -2.40000   9.49839e+00
   2.20000  -2.40000   8.48601e+00
   2.40000  -2.40000   7.51904e+00
   2.60000  -2.40000   6.59461e+00
   2.80000  -2.40000   5.71026e+00
   3.00000  -2.40000   4.86396e+00
   3.20000  -2.40000   4.05397e+00
   3.40000  -2.40000   3.27855e+00
   3.60000  -2.40000   2.53537e+00
   3.80000  -2.40000   1.82069e+00
   4.00000  -2.40000   1.12999e+00
   4.20000  -2.40000   4.74057e-01
   4.40000  -2.40000   0.00000e+00
   4.60000  -2.40000  -1.00000e+99
   4.80000  -2.40000  -1.00000e+99
   5.00000  -2.40000  -1.00000e+99
  -5.00000  -2.20000  -1.00000e+99
  -4.80000  -2.20000  -1.00000e+99
  -4.60000  -2.20000  -1.00000e+99
  -4.40000  -2.20000   8.60000e+01
  -4.20000  -2.20000   8.26858e+01
  -4.00000  -2.20000   7.93104e+01
  -3.80000  -2.20000   7.59313e+01
  -3.60000  -2.20000   7.25629e+01
  -3.40000  -2.20000   6.92137e+01
  -3.20000  -2.20000   6.58923e+01
  -3.00000  -2.20000   6.26083e+01
  -2.80000  -2.20000   5.93732e+01
  -2.60000  -2.20000   5.61998e+01
  -2.40000  -2.20000   5.31006e+01
  -2.20000  -2.20000   5.00873e+01
  -2.00000  -2.20000   4.71696e+01
  -1.80000  -2.20000   4.43549e+01
  -1.60000  -2.20000   4.16482e+01
  -1.40000  -2.20000   3.90529e+01
  -1.20000  -2.20000   3.65705e+01
  -1.00000  -2.20000   3.42012e+01
  -0.80000  -2.20000   3.19443e+01
  -0.60000  -2.20000   2.97978e+01
  -0.40000  -2.20000   2.77591e+01
  -0.20000  -2.20000   2.58249e+01
   0.00000  -2.20000   2.39910e+01
   0.20000  -2.20000   2.22529e+01
   0.40000  -2.20000   2.06059e+01
   0.60000  -2.20000   1.90449e+01
   0.80000  -2.20000   1.75648e+01
   1.00000  -2.20000   1.61605e+01
   1.20000  -2.20000   1.48271e+01
   1.40000  -2.20000   1.35599e+01
   1.60000  -2.20000   1.23545e+01
   1.80000  -2.20000   1.12067e+01
   2.00000  -2.20000   1.01126e+01
   2.20000  -2.20000   9.06873e+00
   2.40000  -2.20000   8.07192e+00
   2.60000  -2.20000   7.11925e+00
   2.80000  -2.20000   6.20819e+00
   3.00000  -2.20000   5.33643e+00
   3.20000  -2.20000   4.50180e+00
   3.40000  -2.20000   3.70205e+00
   3.60000  -2.20000   2.93439e+00
   3.80000  -2.20000   2.19484e+00
   4.00000  -2.20000   1.47697e+00
   4.20000  -2.20000   7.66247e-01
   4.40000  -2.20000   0.00000e+00
   4.60000  -2.20000  -1.00000e+99
   4.80000  -2.20000  -1.00000e+99
   5.00000  -2.20000  -1.00000e+99
  -5.00000  -2.00000  -1.00000e+99
  -4.80000  -2.00000  -1.00000e+99
  -4.60000  -2.00000   9.00000e+01
  -4.40000  -2.00000   8.64225e+01
  -4.20000  -2.00000   8.30176e+01
  -4.00000  -2.00000   7.96492e+01
  -3.80000  -2.00000   7.63000e+01
  -3.60000  -2.00000   7.29714e+01
  -3.40000  -2.00000   6.96691e+01
  -3.20000  -2.00000   6.63999e+01
  -3.00000  -2.00000   6.31722e+01
  -2.80000  -2.00000   5.99956e+01
  -2.60000  -2.00000   5.68800e+01
  -2.40000  -2.00000   5.38357e+01
  -2.20000  -2.00000   5.08721e+01
  -2.00000  -2.00000   4.79973e+01
  -1.80000  -2.00000   4.52178e+01
  -1.60000  -2.00000   4.25386e+01
  -1.40000  -2.00000   3.99628e+01
  -1.20000  -2.00000   3.74924e+01
  -1.00000  -2.00000   3.51282e+01
  -0.80000  -2.00000   3.28696e+01
  -0.60000  -2.00000   3.07155e+01
  -0.40000  -2.00000   2.86639e+01
  -0.20000  -2.00000   2.67118e+01
   0.00000  -2.00000   2.48561e+01
   0.20000  -2.00000   2.30929e+01
   0.40000  -2.00000   2.14181e+01
   0.60000  -2.00000   1.98273e+01
   0.80000  -2.00000   1.83161e+01
   1.00000  -2.00000   1.68799e+01
   1.20000  -2.00000   1.55145e+01
   1.40000  -2.00000   1.42154e+01
   1.60000  -2.00000   1.29786e+01
   1.80000  -2.00000   1.18002e+01
   2.00000  -2.00000   1.06767e+01
   2.20000  -2.00000   9.60457e+00
   2.40000  -2.00000   8.58076e+00
   2.60000  -2.00000   7.60242e+00
   2.80000  -2.00000   6.66692e+00
   3.00000  -2.00000   5.77184e+00
   3.20000  -2.00000   4.91484e+00
   3.40000  -2.00000   4.09354e+00
   3.60000  -2.00000   3.30534e+00
   3.80000  -2.00000   2.54736e+00
   4.00000  -2.00000   1.81683e+00
   4.20000  -2.00000   1.11397e+00
   4.40000  -2.00000   4.58762e-01
   4.60000  -2.00000   0.00000e+00
   4.80000  -2.00000  -1.00000e+99
   5.00000  -2.00000  -1.00000e+99
  -5.00000  -1.80000  -1.00000e+99
  -4.80000  -1.80000  -1.00000e+99
  -4.60000  -1.80000   9.00000e+01
  -4.40000  -1.80000   8.66725e+01
  -4.20000  -1.80000   8.33129e+01
  -4.00000  -1.80000   7.99689e+01
  -3.80000  -1.80000   7.66480e+01
  -3.60000  -1.80000   7.33539e+01
  -3.40000  -1.80000   7.00913e+01
  -3.20000  -1.80000   6.68661e+01
  -3.00000  -1.80000   6.36853e+01
  -2.80000  -1.80000   6.05569e+01
  -2.60000  -1.80000   5.74891e+01
  -2.40000  -1.80000   5.44903e+01
  -2.20000  -1.80000   5.15682e+01
  -2.00000  -1.80000   4.87298e+01
  -1.80000  -1.80000   4.59808e+01
  -1.60000  -1.80000   4.33256e+01
  -1.40000  -1.80000   4.07675e+01
  -1.20000  -1.80000   3.83085e+01
  -1.00000  -1.80000   3.59496e+01
  -0.80000  -1.80000   3.36907e+01
  -0.60000  -1.80000   3.15311e+01
  -0.40000  -1.80000   2.94692e+01
  -0.20000  -1.80000   2.75027e+01
   0.00000  -1.80000   2.56290e+01
   0.20000  -1.80000   2.38447e+01
   0.40000  -1.80000   2.21464e+01
   0.60000  -1.80000   2.05303e+01
   0.80000  -1.80000   1.89925e+01
   1.00000  -1.80000   1.75289e+01
   1.20000  -1.80000   1.61356e+01
   1.40000  -1.80000   1.48087e+01
   1.60000  -1.80000   1.35444e+01
   1.80000  -1.80000   1.23392e+01
   2.00000  -1.80000   1.11895e+01
   2.20000  -1.80000   1.00922e+01
   2.40000  -1.80000   9.04428e+00
   2.60000  -1.80000   8.04286e+00
   2.80000  -1.80000   7.08535e+00
   3.00000  -1.80000   6.16927e+00
   3.20000  -1.80000   5.29226e+00
   3.40000  -1.80000   4.45198e+00
   3.60000  -1.80000   3.64613e+00
   3.80000  -1.80000   2.87248e+00
   4.00000  -1.80000   2.12905e+00
   4.20000  -1.80000   1.41406e+00
   4.40000  -1.80000   7.21084e-01
   4.60000  -1.80000   0.00000e+00
   4.80000  -1.80000  -1.00000e+99
   5.00000  -1.80000  -1.00000e+99
  -5.00000  -1.60000  -1.00000e+99
  -4.80000  -1.60000   9.40000e+01
  -4.60000  -1.60000   9.03782e+01
  -4.40000  -1.60000   8.69548e+01
  -4.20000  -1.60000   8.35924e+01
  -4.00000  -1.60000   8.02655e+01
  -3.80000  -1.60000   7.69693e+01
  -3.60000  -1.60000   7.37050e+01
  -3.40000  -1.60000   7.04762e+01
  -3.20000  -1.60000   6.72879e+01
  -3.00000  -1.60000   6.41462e+01
  -2.80000  -1.60000   6.10577e+01
  -2.60000  -1.60000   5.80294e+01
  -2.40000  -1.60000   5.50683e+01
  -2.20000  -1.60000   5.21809e+01
  -2.00000  -1.60000   4.93731e+01
  -1.80000  -1.60000   4.66501e+01
  -1.60000  -1.60000   4.40158e+01
  -1.40000  -1.60000   4.14733e+01
  -1.20000  -1.60000   3.90247e+01
  -1.00000  -1.60000   3.66711e+01
  -0.80000  -1.60000   3.44127e+01
  -0.60000  -1.60000   3.22492e+01
  -0.40000  -1.60000   3.01792e+01
  -0.20000  -1.60000   2.82011e+01
   0.00000  -1.60000   2.63126e+01
   0.20000  -1.60000   2.45108e+01
   0.40000  -1.60000   2.27928e+01
   0.60000  -1.60000   2.11553e+01
   0.80000  -1.60000   1.95948e+01
   1.00000  -1.60000   1.81078e+01
   1.20000  -1.60000   1.66906e+01
   1.40000  -1.60000   1.53396e+01
   1.60000  -1.60000   1.40515e+01
   1.80000  -1.60000   1.28227e+01
   2.00000  -1.60000   1.16502e+01
   2.20000  -1.60000   1.05307e+01
   2.40000  -1.60000   9.46141e+00
   2.60000  -1.60000   8.43953e+00
   2.80000  -1.60000   7.46246e+00
   3.00000  -1.60000   6.52774e+00
   3.20000  -1.60000   5.63303e+00
   3.40000  -1.60000   4.77608e+00
   3.60000  -1.60000   3.95480e+00
   3.80000  -1.60000   3.16740e+00
   4.00000  -1.60000   2.41289e+00
   4.20000  -1.60000   1.69214e+00
   4.40000  -1.60000   1.01153e+00
   4.60000  -1.60000   3.99000e-01
   4.80000  -1.60000   0.00000e+00
   5.00000  -1.60000  -1.00000e+99
  -5.00000  -1.40000  -1.00000e+99
  -4.80000  -1.40000   9.40000e+01
  -4.60000  -1.40000   9.05580e+01
  -4.40000  -1.40000   8.71760e+01
  -4.20000  -1.40000   8.38367e+01
  -4.00000  -1.40000   8.05315e+01
  -3.80000  -1.40000   7.72588e+01
  -3.60000  -1.40000   7.40207e+01
  -3.40000  -1.40000   7.08207e+01
  -3.20000  -1.40000   6.76633e+01
  -3.00000  -1.40000   6.45540e+01
  -2.80000  -1.40000   6.14985e+01
  -2.60000  -1.40000   5.85027e+01
  -2.40000  -1.40000   5.55727e+01
  -2.20000  -1.40000   5.27141e+01
  -2.00000  -1.40000   4.99320e+01
  -1.80000  -1.40000   4.72308e+01
  -1.60000  -1.40000   4.46144e+01
  -1.40000  -1.40000   4.20855e+01
  -1.20000  -1.40000   3.96461e+01
  -1.00000  -1.40000   3.72976e+01
  -0.80000  -1.40000   3.50402e+01
  -0.60000  -1.40000   3.28739e+01
  -0.40000  -1.40000   3.07977e+01
  -0.20000  -1.40000   2.88102e+01
   0.00000  -1.40000   2.69095e+01
   0.20000  -1.40000   2.50934e+01
   0.40000  -1.40000   2.33590e+01
   0.60000  -1.40000   2.17036e+01
   0.80000  -1.40000   2.01240e+01
   1.00000  -1.40000   1.86171e+01
   1.20000  -1.40000   1.71795e+01
   1.40000  -1.40000   1.58080e+01
   1.60000  -1.40000   1.44993e+01
   1.80000  -1.40000   1.32503e+01
   2.00000  -1.40000   1.20579e+01
   2.20000  -1.40000   1.09192e+01
   2.40000  -1.40000   9.83127e+00
   2.60000  -1.40000   8.79151e+00
   2.80000  -1.40000   7.79734e+00
   3.00000  -1.40000   6.84632e+00
   3.20000  -1.40000   5.93614e+00
   3.40000  -1.40000   5.06459e+00
   3.60000  -1.40000   4.22964e+00
   3.80000  -1.40000   3.42952e+00
   4.00000  -1.40000   2.66299e+00
   4.20000  -1.40000   1.93011e+00
   4.40000  -1.40000   1.23392e+00
   4.60000  -1.40000   5.84476e-01
   4.80000  -1.40000   0.00000e+00
   5.00000  -1.40000  -1.00000e+99
  -5.00000  -1.20000  -1.00000e+99
  -4.80000  -1.20000   9.40000e+01
  -4.60000  -1.20000   9.06780e+01
  -4.40000  -1.20000   8.73545e+01
  -4.20000  -1.20000   8.40469e+01
  -4.00000  -1.20000   8.07649e+01
  -3.80000  -1.20000   7.75140e+01
  -3.60000  -1.20000   7.42984e+01
  -3.40000  -1.20000   7.11226e+01
  -3.20000  -1.20000   6.79909e+01
  -3.00000  -1.20000   6.49082e+01
  -2.80000  -1.20000   6.18796e+01
  -2.60000  -1.20000   5.89105e+01
  -2.40000  -1.20000   5.60059e+01
  -2.20000  -1.20000   5.31709e+01
  -2.00000  -1.20000   5.04100e+01
  -1.80000  -1.20000   4.77271e+01
  -1.60000  -1.20000   4.51257e+01
  -1.40000  -1.20000   4.26083e+01
  -1.20000  -1.20000   4.01770e+01
  -1.00000  -1.20000   3.78331e+01
  -0.80000  -1.20000   3.55770e+01
  -0.60000  -1.20000   3.34087e+01
  -0.40000  -1.20000   3.13277e+01
  -0.20000  -1.20000   2.93328e+01
   0.00000  -1.20000   2.74223e+01
   0.20000  -1.20000   2.55943e+01
   0.40000  -1.20000   2.38465e+01
   0.60000  -1.20000   2.21762e+01
   0.80000  -1.20000   2.05808e+01
   1.00000  -1.20000   1.90572e+01
   1.20000  -1.20000   1.76025e+01
   1.40000  -1.20000   1.62137e+01
   1.60000  -1.20000   1.48876e+01
   1.80000  -1.20000   1.36214e+01
   2.00000  -1.20000   1.24122e+01
   2.20000  -1.20000   1.12570e+01
   2.40000  -1.20000   1.01531e+01
   2.60000  -1.20000   9.09805e+00
   2.80000  -1.20000   8.08919e+00
   3.00000  -1.20000   7.12418e+00
   3.20000  -1.20000   6.20071e+00
   3.40000  -1.20000   5.31660e+00
   3.60000  -1.20000   4.46974e+00
   3.80000  -1.20000   3.65808e+00
   4.00000  -1.20000   2.87950e+00
   4.20000  -1.20000   2.13142e+00
   4.40000  -1.20000   1.40957e+00
   4.60000  -1.20000   7.04995e-01
   4.80000  -1.20000   0.00000e+00
   5.00000  -1.20000  -1.00000e+99
  -5.00000  -1.00000  -1.00000e+99
  -4.80000  -1.00000   9.40000e+01
  -4.60000  -1.00000   9.07995e+01
  -4.40000  -1.00000   8.75171e+01
  -4.20000  -1.00000   8.42316e+01
  -4.00000  -1.00000   8.09672e+01
  -3.80000  -1.00000   7.77337e+01
  -3.60000  -1.00000   7.45366e+01
  -3.40000  -1.00000   7.13804e+01
  -3.20000  -1.00000   6.82695e+01
  -3.00000  -1.00000   6.52083e+01
  -2.80000  -1.00000   6.22015e+01
  -2.60000  -1.00000   5.92538e+01
  -2.40000  -1.00000   5.63698e+01
  -2.20000  -1.00000   5.35539e+01
  -2.00000  -1.00000   5.08101e+01
  -1.80000  -1.00000   4.81422e+01
  -1.60000  -1.00000   4.55531e+01
  -1.40000  -1.00000   4.30454e+01
  -1.20000  -1.00000   4.06209e+01
  -1.00000  -1.00000   3.82809e+01
  -0.80000  -1.00000   3.60261e+01
  -0.60000  -1.00000   3.38566e+01
  -0.40000  -1.00000   3.17719e+01
  -0.20000  -1.00000   2.97711e+01
   0.00000  -1.00000   2.78528e+01
   0.20000  -1.00000   2.60154e+01
   0.40000  -1.00000   2.42566e+01
   0.60000  -1.00000   2.25743e+01
   0.80000  -1.00000   2.09659e+01
   1.00000  -1.00000   1.94287e+01
   1.20000  -1.00000   1.79599e+01
   1.40000  -1.00000   1.65567e+01
   1.60000  -1.00000   1.52163e+01
   1.80000  -1.00000   1.39359e+01
   2.00000  -1.00000   1.27125e+01
   2.20000  -1.00000   1.15436e+01
   2.40000  -1.00000   1.04264e+01
   2.60000  -1.00000   9.35851e+00
   2.80000  -1.00000   8.33735e+00
   3.00000  -1.00000   7.36061e+00
   3.20000  -1.00000   6.42603e+00
   3.40000  -1.00000   5.53145e+00
   3.60000  -1.00000   4.67472e+00
   3.80000  -1.00000   3.85363e+00
   4.00000  -1.00000   3.06557e+00
   4.20000  -1.00000   2.30653e+00
   4.40000  -1.00000   1.56797e+00
   4.60000  -1.00000   8.25944e-01
   4.80000  -1.00000   0.00000e+00
   5.00000  -1.00000  -1.00000e+99
  -5.00000  -0.80000   9.80000e+01
  -4.80000  -0.80000   9.43838e+01
  -4.60000  -0.80000   9.10030e+01
  -4.40000  -0.80000   8.76828e+01
  -4.20000  -0.80000   8.43951e+01
  -4.00000  -0.80000   8.11388e+01
  -3.80000  -0.80000   7.79172e+01
  -3.60000  -0.80000   7.47340e+01
  -3.40000  -0.80000   7.15931e+01
  -3.20000  -0.80000   6.84985e+01
  -3.00000  -0.80000   6.54542e+01
  -2.80000  -0.80000   6.24645e+01
  -2.60000  -0.80000   5.95336e+01
  -2.40000  -0.80000   5.66657e+01
  -2.20000  -0.80000   5.38649e+01
  -2.00000  -0.80000   5.11347e+01
  -1.80000  -0.80000   4.84786e+01
  -1.60000  -0.80000   4.58994e+01
  -1.40000  -0.80000   4.33994e+01
  -1.20000  -0.80000   4.09804e+01
  -1.00000  -0.80000   3.86438e+01
  -0.80000  -0.80000   3.63903e+01
  -0.60000  -0.80000   3.42199e+01
  -0.40000  -0.80000   3.21325e+01
  -0.20000  -0.80000   3.01271e+01
   0.00000  -0.80000   2.82028e+01
   0.20000  -0.80000   2.63579e+01
   0.40000  -0.80000   2.45906e+01
   0.60000  -0.80000   2.28987e+01
   0.80000  -0.80000   2.12800e+01
   1.00000  -0.80000   1.97319e+01
   1.20000  -0.80000   1.82519e+01
   1.40000  -0.80000   1.68373e+01
   1.60000  -0.80000   1.54853e+01
   1.80000  -0.80000   1.41934e+01
   2.00000  -0.80000   1.29587e+01
   2.20000  -0.80000   1.17786e+01
   2.40000  -0.80000   1.06507e+01
   2.60000  -0.80000   9.57235e+00
   2.80000  -0.80000   8.54122e+00
   3.00000  -0.80000   7.55499e+00
   3.20000  -0.80000   6.61148e+00
   3.40000  -0.80000   5.70854e+00
   3.60000  -0.80000   4.84414e+00
   3.80000  -0.80000   4.01622e+00
   4.00000  -0.80000   3.22267e+00
   4.20000  -0.80000   2.46121e+00
   4.40000  -0.80000   1.72984e+00
   4.60000  -0.80000   1.03083e+00
   4.80000  -0.80000   3.93897e-01
   5.00000  -0.80000   0.00000e+00
  -5.00000  -0.60000   9.80000e+01
  -4.80000  -0.60000   9.45320e+01
  -4.60000  -0.60000   9.11460e+01
  -4.40000  -0.60000   8.78160e+01
  -4.20000  -0.60000   8.45273e+01
  -4.00000  -0.60000   8.12759e+01
  -3.80000  -0.60000   7.80624e+01
  -3.60000  -0.60000   7.48893e+01
  -3.40000  -0.60000   7.17597e+01
  -3.20000  -0.60000   6.86773e+01
  -3.00000  -0.60000   6.56457e+01
  -2.80000  -0.60000   6.26688e+01
  -2.60000  -0.60000   5.97506e+01
  -2.40000  -0.60000   5.68949e+01
  -2.20000  -0.60000   5.41053e+01
  -2.00000  -0.60000   5.13855e+01
  -1.80000  -0.60000   4.87383e+01
  -1.60000  -0.60000   4.61666e+01
  -1.40000  -0.60000   4.36726e+01
  -1.20000  -0.60000   4.12579e+01
  -1.00000  -0.60000   3.89240e+01
  -0.80000  -0.60000   3.66714e+01
  -0.60000  -0.60000   3.45006e+01
  -0.40000  -0.60000   3.24111e+01
  -0.20000  -0.60000   3.04025e+01
   0.00000  -0.60000   2.84736e+01
   0.20000  -0.60000   2.66232e+01
   0.40000  -0.60000   2.48494e+01
   0.60000  -0.60000   2.31503e+01
   0.80000  -0.60000   2.15237e+01
   1.00000  -0.60000   1.99674e+01
   1.20000  -0.60000   1.84788e+01
   1.40000  -0.60000   1.70554e+01
   1.60000  -0.60000   1.56946e+01
   1.80000  -0.60000   1.43938e+01
   2.00000  -0.60000   1.31504e+01
   2.20000  -0.60000   1.19618e+01
   2.40000  -0.60000   1.08255e+01
   2.60000  -0.60000   9.73913e+00
   2.80000  -0.60000   8.70032e+00
   3.00000  -0.60000   7.70681e+00
   3.20000  -0.60000   6.75645e+00
   3.40000  -0.60000   5.84721e+00
   3.60000  -0.60000   4.97716e+00
   3.80000  -0.60000   4.14452e+00
   4.00000  -0.60000   3.34774e+00
   4.20000  -0.60000   2.58583e+00
   4.40000  -0.60000   1.85940e+00
   4.60000  -0.60000   1.17364e+00
   4.80000  -0.60000   5.44766e-01
   5.00000  -0.60000   0.00000e+00
  -5.00000  -0.40000   9.80000e+01
  -4.80000  -0.40000   9.45984e+01
  -4.60000  -0.40000   9.12329e+01
  -4.40000  -0.40000   8.79081e+01
  -4.20000  -0.40000   8.46224e+01
  -4.00000  -0.40000   8.13750e+01
  -3.80000  -0.40000   7.81672e+01
  -3.60000  -0.40000   7.50010e+01
  -3.40000  -0.40000   7.18793e+01
  -3.20000  -0.40000   6.88053e+01
  -3.00000  -0.40000   6.57826e+01
  -2.80000  -0.40000   6.28146e+01
  -2.60000  -0.40000   5.99052e+01
  -2.40000  -0.40000   5.70580e+01
  -2.20000  -0.40000   5.42764e+01
  -2.00000  -0.40000   5.15637e+01
  -1.80000  -0.40000   4.89229e+01
  -1.60000  -0.40000   4.63564e+01
  -1.40000  -0.40000   4.38666e+01
  -1.20000  -0.40000   4.14550e+01
  -1.00000  -0.40000   3.91230e+01
  -0.80000  -0.40000   3.68712e+01
  -0.60000  -0.40000   3.47000e+01
  -0.40000  -0.40000   3.26092e+01
  -0.20000  -0.40000   3.05983e+01
   0.00000  -0.40000   2.86664e+01
   0.20000  -0.40000   2.68120e+01
   0.40000  -0.40000   2.50337e+01
   0.60000  -0.40000   2.33296e+01
   0.80000  -0.40000   2.16975e+01
   1.00000  -0.40000   2.01354e+01
   1.20000  -0.40000   1.86407e+01
   1.40000  -0.40000   1.72111e+01
   1.60000  -0.40000   1.58441e+01
   1.80000  -0.40000   1.45370e+01
   2.00000  -0.40000   1.32874e+01
   2.20000  -0.40000   1.20927e+01
   2.40000  -0.40000   1.09506e+01
   2.60000  -0.40000   9.85852e+00
   2.80000  -0.40000   8.81426e+00
   3.00000  -0.40000   7.81560e+00
   3.20000  -0.40000   6.86043e+00
   3.40000  -0.40000   5.94678e+00
   3.60000  -0.40000   5.07285e+00
   3.80000  -0.40000   4.23703e+00
   4.00000  -0.40000   3.43801e+00
   4.20000  -0.40000   2.67503e+00
   4.40000  -0.40000   1.94831e+00
   4.60000  -0.40000   1.25959e+00
   4.80000  -0.40000   6.11531e-01
   5.00000  -0.40000   0.00000e+00
  -5.00000  -0.20000   9.80000e+01
  -4.80000  -0.20000   9.46288e+01
  -4.60000  -0.20000   9.12791e+01
  -4.40000  -0.20000   8.79611e+01
  -4.20000  -0.20000   8.46790e+01
  -4.00000  -0.20000   8.14348e+01
  -3.80000  -0.20000   7.82305e+01
  -3.60000  -0.20000   7.50684e+01
  -3.40000  -0.20000   7.19513e+01
  -3.20000  -0.20000   6.88823e+01
  -3.00000  -0.20000   6.58648e+01
  -2.80000  -0.20000   6.29021e+01
  -2.60000  -0.20000   5.99979e+01
  -2.40000  -0.20000   5.71557e+01
  -2.20000  -0.20000   5.43788e+01
  -2.00000  -0.20000   5.16703e+01
  -1.80000  -0.20000   4.90332e+01
  -1.60000  -0.20000   4.64699e+01
  -1.40000  -0.20000   4.39826e+01
  -1.20000  -0.20000   4.15729e+01
  -1.00000  -0.20000   3.92420e+01
  -0.80000  -0.20000   3.69907e+01
  -0.60000  -0.20000   3.48193e+01
  -0.40000  -0.20000   3.27278e+01
  -0.20000  -0.20000   3.07155e+01
   0.00000  -0.20000   2.87817e+01
   0.20000  -0.20000   2.69251e+01
   0.40000  -0.20000   2.51441e+01
   0.60000  -0.20000   2.34370e+01
   0.80000  -0.20000   2.18017e+01
   1.00000  -0.20000   2.02361e+01
   1.20000  -0.20000   1.87379e+01
   1.40000  -0.20000   1.73046e+01
   1.60000  -0.20000   1.59338e+01
   1.80000  -0.20000   1.46230e+01
   2.00000  -0.20000   1.33697e+01
   2.20000  -0.20000   1.21714e+01
   2.40000  -0.20000   1.10257e+01
   2.60000  -0.20000   9.93027e+00
   2.80000  -0.20000   8.88277e+00
   3.00000  -0.20000   7.88103e+00
   3.20000  -0.20000   6.92300e+00
   3.40000  -0.20000   6.00675e+00
   3.60000  -0.20000   5.13053e+00
   3.80000  -0.20000   4.29280e+00
   4.00000  -0.20000   3.49228e+00
   4.20000  -0.20000   2.72801e+00
   4.40000  -0.20000   1.99924e+00
   4.60000  -0.20000   1.30491e+00
   4.80000  -0.20000   6.41771e-01
   5.00000  -0.20000   0.00000e+00
  -5.00000   0.00000   9.80000e+01
  -4.80000   0.00000   9.46378e+01
  -4.60000   0.00000   9.12936e+01
  -4.40000   0.00000   8.79784e+01
  -4.20000   0.00000   8.46978e+01
  -4.00000   0.00000   8.14548e+01
  -3.80000   0.00000   7.82517e+01
  -3.60000   0.00000   7.50910e+01
  -3.40000   0.00000   7.19754e+01
  -3.20000   0.00000   6.89080e+01
  -3.00000   0.00000   6.58922e+01
  -2.80000   0.00000   6.29313e+01
  -2.60000   0.00000   6.00288e+01
  -2.40000   0.00000   5.71882e+01
  -2.20000   0.00000   5.44129e+01
  -2.00000   0.00000   5.17059e+01
  -1.80000   0.00000   4.90700e+01
  -1.60000   0.00000   4.65077e+01
  -1.40000   0.00000   4.40212e+01
  -1.20000   0.00000   4.16121e+01
  -1.00000   0.00000   3.92816e+01
  -0.80000   0.00000   3.70305e+01
  -0.60000   0.00000   3.48591e+01
  -0.40000   0.00000   3.27673e+01
  -0.20000   0.00000   3.07546e+01
   0.00000   0.00000   2.88202e+01
   0.20000   0.00000   2.69628e+01
   0.40000   0.00000   2.51809e+01
   0.60000   0.00000   2.34728e+01
   0.80000   0.00000   2.18364e+01
   1.00000   0.00000   2.02697e+01
   1.20000   0.00000   1.87703e+01
   1.40000   0.00000   1.73358e+01
   1.60000   0.00000   1.59637e+01
   1.80000   0.00000   1.46517e+01
   2.00000   0.00000   1.33972e+01
   2.20000   0.00000   1.21977e+01
   2.40000   0.00000   1.10508e+01
   2.60000   0.00000   9.95423e+00
   2.80000   0.00000   8.90564e+00
   3.00000   0.00000   7.90289e+00
   3.20000   0.00000   6.94391e+00
   3.40000   0.00000   6.02679e+00
   3.60000   0.00000   5.14981e+00
   3.80000   0.00000   4.31144e+00
   4.00000   0.00000   3.51038e+00
   4.20000   0.00000   2.74554e+00
   4.40000   0.00000   2.01576e+00
   4.60000   0.00000   1.31906e+00
   4.80000   0.00000   6.50650e-01
   5.00000   0.00000   0.00000e+00
  -5.00000   0.20000   9.80000e+01
  -4.80000   0.20000   9.46288e+01
  -4.60000   0.20000   9.12791e+01
  -4.40000   0.20000   8.79612e+01
  -4.20000   0.20000   8.46790e+01
  -4.00000   0.20000   8.14348e+01
  -3.80000   0.20000   7.82306e+01
  -3.60000   0.20000   7.50685e+01
  -3.40000   0.20000   7.19514e+01
  -3.20000   0.20000   6.88824e+01
  -3.00000   0.20000   6.58648e+01
  -2.80000   0.20000   6.29022e+01
  -2.60000   0.20000   5.99980e+01
  -2.40000   0.20000   5.71558e+01
  -2.20000   0.20000   5.43789e+01
  -2.00000   0.20000   5.16704e+01
  -1.80000   0.20000   4.90333e+01
  -1.60000   0.20000   4.64701e+01
  -1.40000   0.20000   4.39827e+01
  -1.20000   0.20000   4.15730e+01
  -1.00000   0.20000   3.92421e+01
  -0.80000   0.20000   3.69908e+01
  -0.60000   0.20000   3.48194e+01
  -0.40000   0.20000   3.27279e+01
  -0.20000   0.20000   3.07157e+01
   0.00000   0.20000   2.87819e+01
   0.20000   0.20000   2.69252e+01
   0.40000   0.20000   2.51442e+01
   0.60000   0.20000   2.34371e+01
   0.80000   0.20000   2.18018e+01
   1.00000   0.20000   2.02362e+01
   1.20000   0.20000   1.87380e+01
   1.40000   0.20000   1.73047e+01
   1.60000   0.20000   1.59339e+01
   1.80000   0.20000   1.46231e+01
   2.00000   0.20000   1.33698e+01
   2.20000   0.20000   1.21715e+01
   2.40000   0.20000   1.10258e+01
   2.60000   0.20000   9.93036e+00
   2.80000   0.20000   8.88284e+00
   3.00000   0.20000   7.88110e+00
   3.20000   0.20000   6.92306e+00
   3.40000   0.20000   6.00681e+00
   3.60000   0.20000   5.13058e+00
   3.80000   0.20000   4.29284e+00
   4.00000   0.20000   3.49232e+00
   4.20000   0.20000   2.72804e+00
   4.40000   0.20000   1.99926e+00
   4.60000   0.20000   1.30492e+00
   4.80000   0.20000   6.41777e-01
   5.00000   0.20000   0.00000e+00
  -5.00000   0.40000   9.80000e+01
  -4.80000   0.40000   9.45985e+01
  -4.60000   0.40000   9.12329e+01
  -4.40000   0.40000   8.79081e+01
  -4.20000   0.40000   8.46224e+01
  -4.00000   0.40000   8.13751e+01
  -3.80000   0.40000   7.81673e+01
  -3.60000   0.40000   7.50011e+01
  -3.40000   0.40000   7.18794e+01
  -3.20000   0.40000   6.88055e+01
  -3.00000   0.40000   6.57827e+01
  -2.80000   0.40000   6.28148e+01
  -2.60000   0.40000   5.99054e+01
  -2.40000   0.40000   5.70582e+01
  -2.20000   0.40000   5.42766e+01
  -2.00000   0.40000   5.15639e+01
  -1.80000   0.40000   4.89231e+01
  -1.60000   0.40000   4.63567e+01
  -1.40000   0.40000   4.38668e+01
  -1.20000   0.40000   4.14553e+01
  -1.00000   0.40000   3.91232e+01
  -0.80000   0.40000   3.68715e+01
  -0.60000   0.40000   3.47003e+01
  -0.40000   0.40000   3.26095e+01
  -0.20000   0.40000   3.05986e+01
   0.00000   0.40000   2.86666e+01
   0.20000   0.40000   2.68123e+01
   0.40000   0.40000   2.50340e+01
   0.60000   0.40000   2.33298e+01
   0.80000   0.40000   2.16978e+01
   1.00000   0.40000   2.01356e+01
   1.20000   0.40000   1.86410e+01
   1.40000   0.40000   1.72114e+01
   1.60000   0.40000   1.58443e+01
   1.80000   0.40000   1.45372e+01
   2.00000   0.40000   1.32876e+01
   2.20000   0.40000   1.20929e+01
   2.40000   0.40000   1.09508e+01
   2.60000   0.40000   9.85869e+00
   2.80000   0.40000   8.81442e+00
   3.00000   0.40000   7.81574e+00
   3.20000   0.40000   6.86055e+00
   3.40000   0.40000   5.94689e+00
   3.60000   0.40000   5.07295e+00
   3.80000   0.40000   4.23711e+00
   4.00000   0.40000   3.43807e+00
   4.20000   0.40000   2.67508e+00
   4.40000   0.40000   1.94834e+00
   4.60000   0.40000   1.25962e+00
   4.80000   0.40000   6.11543e-01
   5.00000   0.40000   0.00000e+00
  -5.00000   0.60000   9.80000e+01
  -4.80000   0.60000   9.45321e+01
  -4.60000   0.60000   9.11460e+01
  -4.40000   0.60000   8.78161e+01
  -4.20000   0.60000   8.45274e+01
  -4.00000   0.60000   8.12760e+01
  -3.80000   0.60000   7.80625e+01
  -3.60000   0.60000   7.48894e+01
  -3.40000   0.60000   7.17599e+01
  -3.20000   0.60000   6.86775e+01
  -3.00000   0.60000   6.56459e+01
  -2.80000   0.60000   6.26690e+01
  -2.60000   0.60000   5.97508e+01
  -2.40000   0.60000   5.68951e+01
  -2.20000   0.60000   5.41056e+01
  -2.00000   0.60000   5.13858e+01
  -1.80000   0.60000   4.87387e+01
  -1.60000   0.60000   4.61670e+01
  -1.40000   0.60000   4.36729e+01
  -1.20000   0.60000   4.12583e+01
  -1.00000   0.60000   3.89244e+01
  -0.80000   0.60000   3.66718e+01
  -0.60000   0.60000   3.45009e+01
  -0.40000   0.60000   3.24115e+01
  -0.20000   0.60000   3.04029e+01
   0.00000   0.60000   2.84740e+01
   0.20000   0.60000   2.66236e+01
   0.40000   0.60000   2.48498e+01
   0.60000   0.60000   2.31507e+01
   0.80000   0.60000   2.15241e+01
   1.00000   0.60000   1.99678e+01
   1.20000   0.60000   1.84792e+01
   1.40000   0.60000   1.70558e+01
   1.60000   0.60000   1.56949e+01
   1.80000   0.60000   1.43941e+01
   2.00000   0.60000   1.31507e+01
   2.20000   0.60000   1.19620e+01
   2.40000   0.60000   1.08258e+01
   2.60000   0.60000   9.73938e+00
   2.80000   0.60000   8.70054e+00
   3.00000   0.60000   7.70701e+00
   3.20000   0.60000   6.75663e+00
   3.40000   0.60000   5.84737e+00
   3.60000   0.60000   4.97730e+00
   3.80000   0.60000   4.14464e+00
   4.00000   0.60000   3.34784e+00
   4.20000   0.60000   2.58591e+00
   4.40000   0.60000   1.85945e+00
   4.60000   0.60000   1.17368e+00
   4.80000   0.60000   5.44782e-01
   5.00000   0.60000   0.00000e+00
  -5.00000   0.80000   9.80000e+01
  -4.80000   0.80000   9.43838e+01
  -4.60000   0.80000   9.10031e+01
  -4.40000   0.80000   8.76829e+01
  -4.20000   0.80000   8.43952e+01
  -4.00000   0.80000   8.11390e+01
  -3.80000   0.80000   7.79174e+01
  -3.60000   0.80000   7.47342e+01
  -3.40000   0.80000   7.15934e+01
  -3.20000   0.80000   6.84987e+01
  -3.00000   0.80000   6.54545e+01
  -2.80000   0.80000   6.24648e+01
  -2.60000   0.80000   5.95339e+01
  -2.40000   0.80000   5.66661e+01
  -2.20000   0.80000   5.38653e+01
  -2.00000   0.80000   5.11351e+01
  -1.80000   0.80000   4.84790e+01
  -1.60000   0.80000   4.58998e+01
  -1.40000   0.80000   4.33998e+01
  -1.20000   0.80000   4.09809e+01
  -1.00000   0.80000   3.86443e+01
  -0.80000   0.80000   3.63908e+01
  -0.60000   0.80000   3.42204e+01
  -0.40000   0.80000   3.21330e+01
  -0.20000   0.80000   3.01277e+01
   0.00000   0.80000   2.82033e+01
   0.20000   0.80000   2.63584e+01
   0.40000   0.80000   2.45911e+01
   0.60000   0.80000   2.28992e+01
   0.80000   0.80000   2.12805e+01
   1.00000   0.80000   1.97324e+01
   1.20000   0.80000   1.82524e+01
   1.40000   0.80000   1.68378e+01
   1.60000   0.80000   1.54858e+01
   1.80000   0.80000   1.41938e+01
   2.00000   0.80000   1.29591e+01
   2.20000   0.80000   1.17790e+01
   2.40000   0.80000   1.06510e+01
   2.60000   0.80000   9.57267e+00
   2.80000   0.80000   8.54151e+00
   3.00000   0.80000   7.55526e+00
   3.20000   0.80000   6.61172e+00
   3.40000   0.80000   5.70875e+00
   3.60000   0.80000   4.84432e+00
   3.80000   0.80000   4.01638e+00
   4.00000   0.80000   3.22280e+00
   4.20000   0.80000   2.46130e+00
   4.40000   0.80000   1.72991e+00
   4.60000   0.80000   1.03087e+00
   4.80000   0.80000   3.93912e-01
   5.00000   0.80000   0.00000e+00
  -5.00000   1.00000  -1.00000e+99
  -4.80000   1.00000   9.40000e+01
  -4.60000   1.00000   9.07996e+01
  -4.40000   1.00000   8.75172e+01
  -4.20000   1.00000   8.42317e+01
  -4.00000   1.00000   8.09674e+01
  -3.80000   1.00000   7.77339e+01
  -3.60000   1.00000   7.45369e+01
  -3.40000   1.00000   7.13807e+01
  -3.20000   1.00000   6.82698e+01
  -3.00000   1.00000   6.52086e+01
  -2.80000   1.00000   6.22019e+01
  -2.60000   1.00000   5.92542e+01
  -2.40000   1.00000   5.63702e+01
  -2.20000   1.00000   5.35543e+01
  -2.00000   1.00000   5.08106e+01
  -1.80000   1.00000   4.81427e+01
  -1.60000   1.00000   4.55536e+01
  -1.40000   1.00000   4.30459e+01
  -1.20000   1.00000   4.06215e+01
  -1.00000   1.00000   3.82815e+01
  -0.80000   1.00000   3.60267e+01
  -0.60000   1.00000   3.38572e+01
  -0.40000   1.00000   3.17725e+01
  -0.20000   1.00000   2.97717e+01
   0.00000   1.00000   2.78535e+01
   0.20000   1.00000   2.60160e+01
   0.40000   1.00000   2.42572e+01
   0.60000   1.00000   2.25749e+01
   0.80000   1.00000   2.09665e+01
   1.00000   1.00000   1.94293e+01
   1.20000   1.00000   1.79605e+01
   1.40000   1.00000   1.65573e+01
   1.60000   1.00000   1.52169e+01
   1.80000   1.00000   1.39364e+01
   2.00000   1.00000   1.27130e+01
   2.20000   1.00000   1.15441e+01
   2.40000   1.00000   1.04269e+01
   2.60000   1.00000   9.35890e+00
   2.80000   1.00000   8.33770e+00
   3.00000   1.00000   7.36093e+00
   3.20000   1.00000   6.42632e+00
   3.40000   1.00000   5.53170e+00
   3.60000   1.00000   4.67494e+00
   3.80000   1.00000   3.85381e+00
   4.00000   1.00000   3.06572e+00
   4.20000   1.00000   2.30664e+00
   4.40000   1.00000   1.56804e+00
   4.60000   1.00000   8.25985e-01
   4.80000   1.00000   0.00000e+00
   5.00000   1.00000  -1.00000e+99
  -5.00000   1.20000  -1.00000e+99
  -4.80000   1.20000   9.40000e+01
  -4.60000   1.20000   9.06780e+01
  -4.40000   1.20000   8.73546e+01
  -4.20000   1.20000   8.40470e+01
  -4.00000   1.20000   8.07650e+01
  -3.80000   1.20000   7.75142e+01
  -3.60000   1.20000   7.42987e+01
  -3.40000   1.20000   7.11229e+01
  -3.20000   1.20000   6.79912e+01
  -3.00000   1.20000   6.49086e+01
  -2.80000   1.20000   6.18801e+01
  -2.60000   1.20000   5.89110e+01
  -2.40000   1.20000   5.60064e+01
  -2.20000   1.20000   5.31715e+01
  -2.00000   1.20000   5.04106e+01
  -1.80000   1.20000   4.77277e+01
  -1.60000   1.20000   4.51263e+01
  -1.40000   1.20000   4.26090e+01
  -1.20000   1.20000   4.01777e+01
  -1.00000   1.20000   3.78338e+01
  -0.80000   1.20000   3.55777e+01
  -0.60000   1.20000   3.34095e+01
  -0.40000   1.20000   3.13285e+01
  -0.20000   1.20000   2.93335e+01
   0.00000   1.20000   2.74230e+01
   0.20000   1.20000   2.55950e+01
   0.40000   1.20000   2.38472e+01
   0.60000   1.20000   2.21769e+01
   0.80000   1.20000   2.05815e+01
   1.00000   1.20000   1.90579e+01
   1.20000   1.20000   1.76032e+01
   1.40000   1.20000   1.62143e+01
   1.60000   1.20000   1.48883e+01
   1.80000   1.20000   1.36220e+01
   2.00000   1.20000   1.24127e+01
   2.20000   1.20000   1.12575e+01
   2.40000   1.20000   1.01536e+01
   2.60000   1.20000   9.09851e+00
   2.80000   1.20000   8.08961e+00
   3.00000   1.20000   7.12455e+00
   3.20000   1.20000   6.20104e+00
   3.40000   1.20000   5.31689e+00
   3.60000   1.20000   4.46999e+00
   3.80000   1.20000   3.65829e+00
   4.00000   1.20000   2.87967e+00
   4.20000   1.20000   2.13154e+00
   4.40000   1.20000   1.40965e+00
   4.60000   1.20000   7.05036e-01
   4.80000   1.20000   0.00000e+00
   5.00000   1.20000  -1.00000e+99
  -5.00000   1.40000  -1.00000e+99
  -4.80000   1.40000   9.40000e+01
  -4.60000   1.40000   9.05581e+01
  -4.40000   1.40000   8.71761e+01
  -4.20000   1.40000   8.38368e+01
  -4.00000   1.40000   8.05317e+01
  -3.80000   1.40000   7.72591e+01
  -3.60000   1.40000   7.40210e+01
  -3.40000   1.40000   7.08210e+01
  -3.20000   1.40000   6.76637e+01
  -3.00000   1.40000   6.45545e+01
  -2.80000   1.40000   6.14990e+01
  -2.60000   1.40000   5.85033e+01
  -2.40000   1.40000   5.55733e+01
  -2.20000   1.40000   5.27147e+01
  -2.00000   1.40000   4.99326e+01
  -1.80000   1.40000   4.72315e+01
  -1.60000   1.40000   4.46151e+01
  -1.40000   1.40000   4.20862e+01
  -1.20000   1.40000   3.96469e+01
  -1.00000   1.40000   3.72984e+01
  -0.80000   1.40000   3.50411e+01
  -0.60000   1.40000   3.28747e+01
  -0.40000   1.40000   3.07985e+01
  -0.20000   1.40000   2.88111e+01
   0.00000   1.40000   2.69104e+01
   0.20000   1.40000   2.50942e+01
   0.40000   1.40000   2.33598e+01
   0.60000   1.40000   2.17044e+01
   0.80000   1.40000   2.01248e+01
   1.00000   1.40000   1.86178e+01
   1.20000   1.40000   1.71802e+01
   1.40000   1.40000   1.58087e+01
   1.60000   1.40000   1.45000e+01
   1.80000   1.40000   1.32510e+01
   2.00000   1.40000   1.20585e+01
   2.20000   1.40000   1.09198e+01
   2.40000   1.40000   9.83182e+00
   2.60000   1.40000   8.79202e+00
   2.80000   1.40000   7.79780e+00
   3.00000   1.40000   6.84673e+00
   3.20000   1.40000   5.93651e+00
   3.40000   1.40000   5.06491e+00
   3.60000   1.40000   4.22992e+00
   3.80000   1.40000   3.42974e+00
   4.00000   1.40000   2.66317e+00
   4.20000   1.40000   1.93024e+00
   4.40000   1.40000   1.23400e+00
   4.60000   1.40000   5.84515e-01
   4.80000   1.40000   0.00000e+00
   5.00000   1.40000  -1.00000e+99
  -5.00000   1.60000  -1.00000e+99
  -4.80000   1.60000   9.40000e+01
  -4.60000   1.60000   9.03782e+01
  -4.40000   1.60000   8.69549e+01
  -4.20000   1.60000   8.35926e+01
  -4.00000   1.60000   8.02657e+01
  -3.80000   1.60000   7.69696e+01
  -3.60000   1.60000   7.37053e+01
  -3.40000   1.60000   7.04766e+01
  -3.20000   1.60000   6.72884e+01
  -3.00000   1.60000   6.41467e+01
  -2.80000   1.60000   6.10582e+01
  -2.60000   1.60000   5.80300e+01
  -2.40000   1.60000   5.50689e+01
  -2.20000   1.60000   5.21816e+01
  -2.00000   1.60000   4.93739e+01
  -1.80000   1.60000   4.66509e+01
  -1.60000   1.60000   4.40166e+01
  -1.40000   1.60000   4.14742e+01
  -1.20000   1.60000   3.90256e+01
  -1.00000   1.60000   3.66720e+01
  -0.80000   1.60000   3.44136e+01
  -0.60000   1.60000   3.22501e+01
  -0.40000   1.60000   3.01802e+01
  -0.20000   1.60000   2.82020e+01
   0.00000   1.60000   2.63135e+01
   0.20000   1.60000   2.45117e+01
   0.40000   1.60000   2.27938e+01
   0.60000   1.60000   2.11562e+01
   0.80000   1.60000   1.95957e+01
   1.00000   1.60000   1.81086e+01
   1.20000   1.60000   1.66914e+01
   1.40000   1.60000   1.53404e+01
   1.60000   1.60000   1.40522e+01
   1.80000   1.60000   1.28235e+01
   2.00000   1.60000   1.16509e+01
   2.20000   1.60000   1.05314e+01
   2.40000   1.60000   9.46201e+00
   2.60000   1.60000   8.44008e+00
   2.80000   1.60000   7.46296e+00
   3.00000   1.60000   6.52819e+00
   3.20000   1.60000   5.63343e+00
   3.40000   1.60000   4.77642e+00
   3.60000   1.60000   3.95509e+00
   3.80000   1.60000   3.16764e+00
   4.00000   1.60000   2.41307e+00
   4.20000   1.60000   1.69227e+00
   4.40000   1.60000   1.01161e+00
   4.60000   1.60000   3.99031e-01
   4.80000   1.60000   0.00000e+00
   5.00000   1.60000  -1.00000e+99
  -5.00000   1.80000  -1.00000e+99
  -4.80000   1.80000  -1.00000e+99
  -4.60000   1.80000   9.00000e+01
  -4.40000   1.80000   8.66726e+01
  -4.20000   1.80000   8.33130e+01
  -4.00000   1.80000   7.99691e+01
  -3.80000   1.80000   7.66483e+01
  -3.60000   1.80000   7.33542e+01
  -3.40000   1.80000   7.00917e+01
  -3.20000   1.80000   6.68665e+01
  -3.00000   1.80000   6.36858e+01
  -2.80000   1.80000   6.05575e+01
  -2.60000   1.80000   5.74897e+01
  -2.40000   1.80000   5.44910e+01
  -2.20000   1.80000   5.15690e+01
  -2.00000   1.80000   4.87306e+01
  -1.80000   1.80000   4.59816e+01
  -1.60000   1.80000   4.33265e+01
  -1.40000   1.80000   4.07684e+01
  -1.20000   1.80000   3.83094e+01
  -1.00000   1.80000   3.59505e+01
  -0.80000   1.80000   3.36917e+01
  -0.60000   1.80000   3.15321e+01
  -0.40000   1.80000   2.94702e+01
  -0.20000   1.80000   2.75037e+01
   0.00000   1.80000   2.56300e+01
   0.20000   1.80000   2.38457e+01
   0.40000   1.80000   2.21474e+01
   0.60000   1.80000   2.05313e+01
   0.80000   1.80000   1.89934e+01
   1.00000   1.80000   1.75298e+01
   1.20000   1.80000   1.61365e+01
   1.40000   1.80000   1.48096e+01
   1.60000   1.80000   1.35453e+01
   1.80000   1.80000   1.23400e+01
   2.00000   1.80000   1.11903e+01
   2.20000   1.80000   1.00929e+01
   2.40000   1.80000   9.04492e+00
   2.60000   1.80000   8.04345e+00
   2.80000   1.80000   7.08588e+00
   3.00000   1.80000   6.16974e+00
   3.20000   1.80000   5.29267e+00
   3.40000   1.80000   4.45234e+00
   3.60000   1.80000   3.64643e+00
   3.80000   1.80000   2.87271e+00
   4.00000   1.80000   2.12923e+00
   4.20000   1.80000   1.41417e+00
   4.40000   1.80000   7.21145e-01
   4.60000   1.80000   0.00000e+00
   4.80000   1.80000  -1.00000e+99
   5.00000   1.80000  -1.00000e+99
  -5.00000   2.00000  -1.00000e+99
  -4.80000   2.00000  -1.00000e+99
  -4.60000   2.00000   9.00000e+01
  -4.40000   2.00000   8.64226e+01
  -4.20000   2.00000   8.30177e+01
  -4.00000   2.00000   7.96494e+01
  -3.80000   2.00000   7.63002e+01
  -3.60000   2.00000   7.29718e+01
  -3.40000   2.00000   6.96695e+01
  -3.20000   2.00000   6.64004e+01
  -3.00000   2.00000   6.31728e+01
  -2.80000   2.00000   5.99961e+01
  -2.60000   2.00000   5.68806e+01
  -2.40000   2.00000   5.38364e+01
  -2.20000   2.00000   5.08729e+01
  -2.00000   2.00000   4.79981e+01
  -1.80000   2.00000   4.52187e+01
  -1.60000   2.00000   4.25395e+01
  -1.40000   2.00000   3.99637e+01
  -1.20000   2.00000   3.74934e+01
  -1.00000   2.00000   3.51292e+01
  -0.80000   2.00000   3.28706e+01
  -0.60000   2.00000   3.07166e+01
  -0.40000   2.00000   2.86649e+01
  -0.20000   2.00000   2.67129e+01
   0.00000   2.00000   2.48572e+01
   0.20000   2.00000   2.30940e+01
   0.40000   2.00000   2.14191e+01
   0.60000   2.00000   1.98283e+01
   0.80000   2.00000   1.83171e+01
   1.00000   2.00000   1.68809e+01
   1.20000   2.00000   1.55154e+01
   1.40000   2.00000   1.42163e+01
   1.60000   2.00000   1.29795e+01
   1.80000   2.00000   1.18011e+01
   2.00000   2.00000   1.06775e+01
   2.20000   2.00000   9.60529e+00
   2.40000   2.00000   8.58143e+00
   2.60000   2.00000   7.60303e+00
   2.80000   2.00000   6.66747e+00
   3.00000   2.00000   5.77233e+00
   3.20000   2.00000   4.91526e+00
   3.40000   2.00000   4.09390e+00
   3.60000   2.00000   3.30564e+00
   3.80000   2.00000   2.54759e+00
   4.00000   2.00000   1.81700e+00
   4.20000   2.00000   1.11407e+00
   4.40000   2.00000   4.58804e-01
   4.60000   2.00000   0.00000e+00
   4.80000   2.00000  -1.00000e+99
   5.00000   2.00000  -1.00000e+99
  -5.00000   2.20000  -1.00000e+99
  -4.80000   2.20000  -1.00000e+99
  -4.60000   2.20000  -1.00000e+99
  -4.40000   2.20000   8.60000e+01
  -4.20000   2.20000   8.26859e+01
  -4.00000   2.20000   7.93106e+01
  -3.80000   2.20000   7.59315e+01
  -3.60000   2.20000   7.25632e+01
  -3.40000   2.20000   6.92141e+01
  -3.20000   2.20000   6.58927e+01
  -3.00000   2.20000   6.26088e+01
  -2.80000   2.20000   5.93738e+01
  -2.60000   2.20000   5.62004e+01
  -2.40000   2.20000   5.31013e+01
  -2.20000   2.20000   5.00881e+01
  -2.00000   2.20000   4.71705e+01
  -1.80000   2.20000   4.43558e+01
  -1.60000   2.20000   4.16492e+01
  -1.40000   2.20000   3.90539e+01
  -1.20000   2.20000   3.65715e+01
  -1.00000   2.20000   3.42023e+01
  -0.80000   2.20000   3.19454e+01
  -0.60000   2.20000   2.97989e+01
  -0.40000   2.20000   2.77602e+01
  -0.20000   2.20000   2.58260e+01
   0.00000   2.20000   2.39921e+01
   0.20000   2.20000   2.22540e+01
   0.40000   2.20000   2.06070e+01
   0.60000   2.20000   1.90460e+01
   0.80000   2.20000   1.75658e+01
   1.00000   2.20000   1.61615e+01
   1.20000   2.20000   1.48281e+01
   1.40000   2.20000   1.35609e+01
   1.60000   2.20000   1.23554e+01
   1.80000   2.20000   1.12075e+01
   2.00000   2.20000   1.01134e+01
   2.20000   2.20000   9.06948e+00
   2.40000   2.20000   8.07260e+00
   2.60000   2.20000   7.11988e+00
   2.80000   2.20000   6.20875e+00
   3.00000   2.20000   5.33692e+00
   3.20000   2.20000   4.50223e+00
   3.40000   2.20000   3.70241e+00
   3.60000   2.20000   2.93467e+00
   3.80000   2.20000   2.19506e+00
   4.00000   2.20000   1.47712e+00
   4.20000   2.20000   7.66324e-01
   4.40000   2.20000   0.00000e+00
   4.60000   2.20000  -1.00000e+99
   4.80000   2.20000  -1.00000e+99
   5.00000   2.20000  -1.00000e+99
  -5.00000   2.40000  -1.00000e+99
  -4.80000   2.40000  -1.00000e+99
  -4.60000   2.40000  -1.00000e+99
  -4.40000   2.40000   8.60000e+01
  -4.20000   2.40000   8.24153e+01
  -4.00000   2.40000   7.89755e+01
  -3.80000   2.40000   7.55521e+01
  -3.60000   2.40000   7.21354e+01
  -3.40000   2.40000   6.87312e+01
  -3.20000   2.40000   6.53477e+01
  -3.00000   2.40000   6.19960e+01
  -2.80000   2.40000   5.86901e+01
  -2.60000   2.40000   5.54460e+01
  -2.40000   2.40000   5.22804e+01
  -2.20000   2.40000   4.92079e+01
  -2.00000   2.40000   4.62400e+01
  -1.80000   2.40000   4.33849e+01
  -1.60000   2.40000   4.06477e+01
  -1.40000   2.40000   3.80312e+01
  -1.20000   2.40000   3.55366e+01
  -1.00000   2.40000   3.31633e+01
  -0.80000   2.40000   3.09098e+01
  -0.60000   2.40000   2.87736e+01
  -0.40000   2.40000   2.67514e+01
  -0.20000   2.40000   2.48389e+01
   0.00000   2.40000   2.30313e+01
   0.20000   2.40000   2.13233e+01
   0.40000   2.40000   1.97091e+01
   0.60000   2.40000   1.81830e+01
   0.80000   2.40000   1.67390e+01
   1.00000   2.40000   1.53714e+01
   1.20000   2.40000   1.40747e+01
   1.40000   2.40000   1.28438e+01
   1.60000   2.40000   1.16738e+01
   1.80000   2.40000   1.05603e+01
   2.00000   2.40000   9.49919e+00
   2.20000   2.40000   8.48676e+00
   2.40000   2.40000   7.51973e+00
   2.60000   2.40000   6.59523e+00
   2.80000   2.40000   5.71081e+00
   3.00000   2.40000   4.86445e+00
   3.20000   2.40000   4.05438e+00
   3.40000   2.40000   3.27888e+00
   3.60000   2.40000   2.53563e+00
   3.80000   2.40000   1.82088e+00
   4.00000   2.40000   1.13011e+00
   4.20000   2.40000   4.74109e-01
   4.40000   2.40000   0.00000e+00
   4.60000   2.40000  -1.00000e+99
   4.80000   2.40000  -1.00000e+99
   5.00000   2.40000  -1.00000e+99
  -5.00000   2.60000  -1.00000e+99
  -4.80000   2.60000  -1.00000e+99
  -4.60000   2.60000  -1.00000e+99
  -4.40000   2.60000  -1.00000e+99
  -4.20000   2.60000   8.20000e+01
  -4.00000   2.60000   7.86240e+01
  -3.80000   2.60000   7.51661e+01
  -3.60000   2.60000   7.16953e+01
  -3.40000   2.60000   6.82275e+01
  -3.20000   2.60000   6.47711e+01
  -3.00000   2.60000   6.13377e+01
  -2.80000   2.60000   5.79444e+01
  -2.60000   2.60000   5.46132e+01
  -2.40000   2.60000   5.13665e+01
  -2.20000   2.60000   4.82233e+01
  -2.00000   2.60000   4.51970e+01
  -1.80000   2.60000   4.22962e+01
  -1.60000   2.60000   3.95256e+01
  -1.40000   2.60000   3.68870e+01
  -1.20000   2.60000   3.43804e+01
  -1.00000   2.60000   3.20046e+01
  -0.80000   2.60000   2.97571e+01
  -0.60000   2.60000   2.76346e+01
  -0.40000   2.60000   2.56329e+01
  -0.20000   2.60000   2.37470e+01
   0.00000   2.60000   2.19711e+01
   0.20000   2.60000   2.02988e+01
   0.40000   2.60000   1.87233e+01
   0.60000   2.60000   1.72379e+01
   0.80000   2.60000   1.58358e+01
   1.00000   2.60000   1.45105e+01
   1.20000   2.60000   1.32558e+01
   1.40000   2.60000   1.20660e+01
   1.60000   2.60000   1.09360e+01
   1.80000   2.60000   9.86090e+00
   2.00000   2.60000   8.83644e+00
   2.20000   2.60000   7.85875e+00
   2.40000   2.60000   6.92442e+00
   2.60000   2.60000   6.03058e+00
   2.80000   2.60000   5.17491e+00
   3.00000   2.60000   4.35574e+00
   3.20000   2.60000   3.57203e+00
   3.40000   2.60000   2.82316e+00
   3.60000   2.60000   2.10812e+00
   3.80000   2.60000   1.42275e+00
   4.00000   2.60000   7.48341e-01
   4.20000   2.60000   0.00000e+00
   4.40000   2.60000  -1.00000e+99
   4.60000   2.60000  -1.00000e+99
   4.80000   2.60000  -1.00000e+99
   5.00000   2.60000  -1.00000e+99
  -5.00000   2.80000  -1.00000e+99
  -4.80000   2.80000  -1.00000e+99
  -4.60000   2.80000  -1.00000e+99
  -4.40000   2.80000  -1.00000e+99
  -4.20000   2.80000   8.20000e+01
  -4.00000   2.80000   7.83543e+01
  -3.80000   2.80000   7.47932e+01
  -3.60000   2.80000   7.12521e+01
  -3.40000   2.80000   6.77124e+01
  -3.20000   2.80000   6.41715e+01
  -3.00000   2.80000   6.06391e+01
  -2.80000   2.80000   5.71369e+01
  -2.60000   2.80000   5.36960e+01
  -2.40000   2.80000   5.03494e+01
  -2.20000   2.80000   4.71218e+01
  -2.00000   2.80000   4.40286e+01
  -1.80000   2.80000   4.10776e+01
  -1.60000   2.80000   3.82716e+01
  -1.40000   2.80000   3.56108e+01
  -1.20000   2.80000   3.30938e+01
  -1.00000   2.80000   3.07178e+01
  -0.80000   2.80000   2.84795e+01
  -0.60000   2.80000   2.63749e+01
  -0.40000   2.80000   2.43989e+01
  -0.20000   2.80000   2.25454e+01
   0.00000   2.80000   2.08075e+01
   0.20000   2.80000   1.91776e+01
   0.40000   2.80000   1.76477e+01
   0.60000   2.80000   1.62098e+01
   0.80000   2.80000   1.48561e+01
   1.00000   2.80000   1.35791e+01
   1.20000   2.80000   1.23720e+01
   1.40000   2.80000   1.12287e+01
   1.60000   2.80000   1.01433e+01
   1.80000   2.80000   9.11095e+00
   2.00000   2.80000   8.12702e+00
   2.20000   2.80000   7.18746e+00
   2.40000   2.80000   6.28873e+00
   2.60000   2.80000   5.42785e+00
   2.80000   2.80000   4.60258e+00
   3.00000   2.80000   3.81163e+00
   3.20000   2.80000   3.05490e+00
   3.40000   2.80000   2.33364e+00
   3.60000   2.80000   1.65096e+00
   3.80000   2.80000   1.01368e+00
   4.00000   2.80000   4.40506e-01
   4.20000   2.80000   0.00000e+00
   4.40000   2.80000  -1.00000e+99
   4.60000   2.80000  -1.00000e+99
   4.80000   2.80000  -1.00000e+99
   5.00000   2.80000  -1.00000e+99
  -5.00000   3.00000  -1.00000e+99
  -4.80000   3.00000  -1.00000e+99
  -4.60000   3.00000  -1.00000e+99
  -4.40000   3.00000  -1.00000e+99
  -4.20000   3.00000  -1.00000e+99
  -4.00000   3.00000   7.80000e+01
  -3.80000   3.00000   7.44002e+01
  -3.60000   3.00000   7.08076e+01
  -3.40000   3.00000   6.71985e+01
  -3.20000   3.00000   6.35636e+01
  -3.00000   3.00000   5.99105e+01
  -2.80000   3.00000   5.62680e+01
  -2.60000   3.00000   5.26847e+01
  -2.40000   3.00000   4.92131e+01
  -2.20000   3.00000   4.58860e+01
  -2.00000   3.00000   4.27182e+01
  -1.80000   3.00000   3.97139e+01
  -1.60000   3.00000   3.68725e+01
  -1.40000   3.00000   3.41912e+01
  -1.20000   3.00000   3.16662e+01
  -1.00000   3.00000   2.92934e+01
  -0.80000   3.00000   2.70685e+01
  -0.60000   3.00000   2.49868e+01
  -0.40000   3.00000   2.30424e+01
  -0.20000   3.00000   2.12283e+01
   0.00000   3.00000   1.95360e+01
   0.20000   3.00000   1.79565e+01
   0.40000   3.00000   1.64803e+01
   0.60000   3.00000   1.50977e+01
   0.80000   3.00000   1.37997e+01
   1.00000   3.00000   1.25779e+01
   1.20000   3.00000   1.14247e+01
   1.40000   3.00000   1.03334e+01
   1.60000   3.00000   9.29778e+00
   1.80000   3.00000   8.31269e+00
   2.00000   3.00000   7.37332e+00
   2.20000   3.00000   6.47544e+00
   2.40000   3.00000   5.61527e+00
   2.60000   3.00000   4.78959e+00
   2.80000   3.00000   3.99597e+00
   3.00000   3.00000   3.23335e+00
   3.20000   3.00000   2.50233e+00
   3.40000   3.00000   1.80557e+00
   3.60000   3.00000   1.14841e+00
   3.80000   3.00000   5.40523e-01
   4.00000   3.00000   0.00000e+00
   4.20000   3.00000  -1.00000e+99
   4.40000   3.00000  -1.00000e+99
   4.60000   3.00000  -1.00000e+99
   4.80000   3.00000  -1.00000e+99
   5.00000   3.00000  -1.00000e+99
  -5.00000   3.20000  -1.00000e+99
  -4.80000   3.20000  -1.00000e+99
  -4.60000   3.20000  -1.00000e+99
  -4.40000   3.20000  -1.00000e+99
  -4.20000   3.20000  -1.00000e+99
  -4.00000   3.20000  -1.00000e+99
  -3.80000   3.20000   7.40000e+01
  -3.60000   3.20000   7.03795e+01
  -3.40000   3.20000   6.67106e+01
  -3.20000   3.20000   6.29740e+01
  -3.00000   3.20000   5.91712e+01
  -2.80000   3.20000   5.53399e+01
  -2.60000   3.20000   5.15619e+01
  -2.40000   3.20000   4.79326e+01
  -2.20000   3.20000   4.44909e+01
  -2.00000   3.20000   4.12444e+01
  -1.80000   3.20000   3.81876e+01
  -1.60000   3.20000   3.53133e+01
  -1.40000   3.20000   3.26153e+01
  -1.20000   3.20000   3.00865e+01
  -1.00000   3.20000   2.77212e+01
  -0.80000   3.20000   2.55144e+01
  -0.60000   3.20000   2.34614e+01
  -0.40000   3.20000   2.15558e+01
  -0.20000   3.20000   1.97894e+01
   0.00000   3.20000   1.81520e+01
   0.20000   3.20000   1.66324e+01
   0.40000   3.20000   1.52192e+01
   0.60000   3.20000   1.39010e+01
   0.80000   3.20000   1.26672e+01
   1.00000   3.20000   1.15083e+01
   1.20000   3.20000   1.04157e+01
   1.40000   3.20000   9.38237e+00
   1.60000   3.20000   8.40188e+00
   1.80000   3.20000   7.46879e+00
   2.00000   3.20000   6.57822e+00
   2.20000   3.20000   5.72579e+00
   2.40000   3.20000   4.90740e+00
   2.60000   3.20000   4.11930e+00
   2.80000   3.20000   3.35844e+00
   3.00000   3.20000   2.62350e+00
   3.20000   3.20000   1.91553e+00
   3.40000   3.20000   1.23794e+00
   3.60000   3.20000   5.96586e-01
   3.80000   3.20000   0.00000e+00
   4.00000   3.20000  -1.00000e+99
   4.20000   3.20000  -1.00000e+99
   4.40000   3.20000  -1.00000e+99
   4.60000   3.20000  -1.00000e+99
   4.80000   3.20000  -1.00000e+99
   5.00000   3.20000  -1.00000e+99
  -5.00000   3.40000  -1.00000e+99
  -4.80000   3.40000  -1.00000e+99
  -4.60000   3.40000  -1.00000e+99
  -4.40000   3.40000  -1.00000e+99
  -4.20000   3.40000  -1.00000e+99
  -4.00000   3.40000  -1.00000e+99
  -3.80000   3.40000  -1.00000e+99
  -3.60000   3.40000   7.00000e+01
  -3.40000   3.40000   6.62903e+01
  -3.20000   3.40000   6.24506e+01
  -3.00000   3.40000   5.84603e+01
  -2.80000   3.40000   5.43587e+01
  -2.60000   3.40000   5.02904e+01
  -2.40000   3.40000   4.64645e+01
  -2.20000   3.40000   4.29005e+01
  -2.00000   3.40000   3.95812e+01
  -1.80000   3.40000   3.64786e+01
  -1.60000   3.40000   3.35781e+01
  -1.40000   3.40000   3.08701e+01
  -1.20000   3.40000   2.83436e+01
  -1.00000   3.40000   2.59905e+01
  -0.80000   3.40000   2.38067e+01
  -0.60000   3.40000   2.17888e+01
  -0.40000   3.40000   1.99303e+01
  -0.20000   3.40000   1.82215e+01
   0.00000   3.40000   1.66501e+01
   0.20000   3.40000   1.52021e+01
   0.40000   3.40000   1.38633e+01
   0.60000   3.40000   1.26201e+01
   0.80000   3.40000   1.14600e+01
   1.00000   3.40000   1.03723e+01
   1.20000   3.40000   9.34767e+00
   1.40000   3.40000   8.37859e+00
   1.60000   3.40000   7.45868e+00
   1.80000   3.40000   6.58244e+00
   2.00000   3.40000   5.74506e+00
   2.20000   3.40000   4.94216e+00
   2.40000   3.40000   4.16931e+00
   2.60000   3.40000   3.42183e+00
   2.80000   3.40000   2.69500e+00
   3.00000   3.40000   1.98672e+00
   3.20000   3.40000   1.29835e+00
   3.40000   3.40000   6.34073e-01
   3.60000   3.40000   0.00000e+00
   3.80000   3.40000  -1.00000e+99
   4.00000   3.40000  -1.00000e+99
   4.20000   3.40000  -1.00000e+99
   4.40000   3.40000  -1.00000e+99
   4.60000   3.40000  -1.00000e+99
   4.80000   3.40000  -1.00000e+99
   5.00000   3.40000  -1.00000e+99
  -5.00000   3.60000  -1.00000e+99
  -4.80000   3.60000  -1.00000e+99
  -4.60000   3.60000  -1.00000e+99
  -4.40000   3.60000  -1.00000e+99
  -4.20000   3.60000  -1.00000e+99
  -4.00000   3.60000  -1.00000e+99
  -3.80000   3.60000  -1.00000e+99
  -3.60000   3.60000  -1.00000e+99
  -3.40000   3.60000   6.60000e+01
  -3.20000   3.60000   6.20778e+01
  -3.00000   3.60000   5.78607e+01
  -2.80000   3.60000   5.33443e+01
  -2.60000   3.60000   4.87765e+01
  -2.40000   3.60000   4.47347e+01
  -2.20000   3.60000   4.10656e+01
  -2.00000   3.60000   3.77014e+01
  -1.80000   3.60000   3.45678e+01
  -1.60000   3.60000   3.16503e+01
  -1.40000   3.60000   2.89437e+01
  -1.20000   3.60000   2.64273e+01
  -1.00000   3.60000   2.40905e+01
  -0.80000   3.60000   2.19334e+01
  -0.60000   3.60000   1.99567e+01
  -0.40000   3.60000   1.81550e+01
  -0.20000   3.60000   1.65165e+01
   0.00000   3.60000   1.50250e+01
   0.20000   3.60000   1.36628e+01
   0.40000   3.60000   1.24120e+01
   0.60000   3.60000   1.12561e+01
   0.80000   3.60000   1.01806e+01
   1.00000   3.60000   9.17326e+00
   1.20000   3.60000   8.22417e+00
   1.40000   3.60000   7.32573e+00
   1.60000   3.60000   6.47188e+00
   1.80000   3.60000   5.65729e+00
   2.00000   3.60000   4.87749e+00
   2.20000   3.60000   4.12855e+00
   2.40000   3.60000   3.40587e+00
   2.60000   3.60000   2.70376e+00
   2.80000   3.60000   2.01305e+00
   3.00000   3.60000   1.33006e+00
   3.20000   3.60000   6.57103e-01
   3.40000   3.60000   0.00000e+00
   3.60000   3.60000  -1.00000e+99
   3.80000   3.60000  -1.00000e+99
   4.00000   3.60000  -1.00000e+99
   4.20000   3.60000  -1.00000e+99
   4.40000   3.60000  -1.00000e+99
   4.60000   3.60000  -1.00000e+99
   4.80000   3.60000  -1.00000e+99
   5.00000   3.60000  -1.00000e+99
  -5.00000   3.80000  -1.00000e+99
  -4.80000   3.80000  -1.00000e+99
  -4.60000   3.80000  -1.00000e+99
  -4.40000   3.80000  -1.00000e+99
  -4.20000   3.80000  -1.00000e+99
  -4.00000   3.80000  -1.00000e+99
  -3.80000   3.80000  -1.00000e+99
  -3.60000   3.80000  -1.00000e+99
  -3.40000   3.80000  -1.00000e+99
  -3.20000   3.80000   6.20000e+01
  -3.00000   3.80000   5.75605e+01
  -2.80000   3.80000   5.23814e+01
  -2.60000   3.80000   4.67365e+01
  -2.40000   3.80000   4.26322e+01
  -2.20000   3.80000   3.89257e+01
  -2.00000   3.80000   3.55910e+01
  -1.80000   3.80000   3.24409e+01
  -1.60000   3.80000   2.95116e+01
  -1.40000   3.80000   2.68273e+01
  -1.20000   3.80000   2.43316e+01
  -1.00000   3.80000   2.20108e+01
  -0.80000   3.80000   1.98798e+01
  -0.60000   3.80000   1.79498e+01
  -0.40000   3.80000   1.62167e+01
  -0.20000   3.80000   1.46644e+01
   0.00000   3.80000   1.32708e+01
   0.20000   3.80000   1.20120e+01
   0.40000   3.80000   1.08657e+01
   0.60000   3.80000   9.81183e+00
   0.80000   3.80000   8.83320e+00
   1.00000   3.80000   7.91605e+00
   1.20000   3.80000   7.05009e+00
   1.40000   3.80000   6.22836e+00
   1.60000   3.80000   5.44587e+00
   1.80000   3.80000   4.69742e+00
   2.00000   3.80000   3.97909e+00
   2.20000   3.80000   3.28873e+00
   2.40000   3.80000   2.62189e+00
   2.60000   3.80000   1.97431e+00
   2.80000   3.80000   1.32340e+00
   3.00000   3.80000   6.63365e-01
   3.20000   3.80000   0.00000e+00
   3.40000   3.80000  -1.00000e+99
   3.60000   3.80000  -1.00000e+99
   3.80000   3.80000  -1.00000e+99
   4.00000   3.80000  -1.00000e+99
   4.20000   3.80000  -1.00000e+99
   4.40000   3.80000  -1.00000e+99
   4.60000   3.80000  -1.00000e+99
   4.80000   3.80000  -1.00000e+99
   5.00000   3.80000  -1.00000e+99
  -5.00000   4.00000  -1.00000e+99
  -4.80000   4.00000  -1.00000e+99
  -4.60000   4.00000  -1.00000e+99
  -4.40000   4.00000  -1.00000e+99
  -4.20000   4.00000  -1.00000e+99
  -4.00000   4.00000  -1.00000e+99
  -3.80000   4.00000  -1.00000e+99
  -3.60000   4.00000  -1.00000e+99
  -3.40000   4.00000  -1.00000e+99
  -3.20000   4.00000  -1.00000e+99
  -3.00000   4.00000   5.80000e+01
  -2.80000   4.00000   5.18843e+01
  -2.60000   4.00000   4.31559e+01
  -2.40000   4.00000   4.01321e+01
  -2.20000   4.00000   3.64141e+01
  -2.00000   4.00000   3.32959e+01
  -1.80000   4.00000   3.00933e+01
  -1.60000   4.00000   2.71281e+01
  -1.40000   4.00000   2.45222e+01
  -1.20000   4.00000   2.20611e+01
  -1.00000   4.00000   1.97413e+01
  -0.80000   4.00000   1.76254e+01
  -0.60000   4.00000   1.57460e+01
  -0.40000   4.00000   1.40976e+01
  -0.20000   4.00000   1.26538e+01
   0.00000   4.00000   1.13817e+01
   0.20000   4.00000   1.02490e+01
   0.40000   4.00000   9.22721e+00
   0.60000   4.00000   8.29233e+00
   0.80000   4.00000   7.42437e+00
   1.00000   4.00000   6.60772e+00
   1.20000   4.00000   5.83183e+00
   1.40000   4.00000   5.09181e+00
   1.60000   4.00000   4.38587e+00
   1.80000   4.00000   3.70749e+00
   2.00000   4.00000   3.05276e+00
   2.20000   4.00000   2.42543e+00
   2.40000   4.00000   1.81869e+00
   2.60000   4.00000   1.24819e+00
   2.80000   4.00000   6.42898e-01
   3.00000   4.00000   0.00000e+00
   3.20000   4.00000  -1.00000e+99
   3.40000   4.00000  -1.00000e+99
   3.60000   4.00000  -1.00000e+99
   3.80000   4.00000  -1.00000e+99
   4.00000   4.00000  -1.00000e+99
   4.20000   4.00000  -1.00000e+99
   4.40000   4.00000  -1.00000e+99
   4.60000   4.00000  -1.00000e+99
   4.80000   4.00000  -1.00000e+99
   5.00000   4.00000  -1.00000e+99
  -5.00000   4.20000  -1.00000e+99
  -4.80000   4.20000  -1.00000e+99
  -4.60000   4.20000  -1.00000e+99
  -4.40000   4.20000  -1.00000e+99
  -4.20000   4.20000  -1.00000e+99
  -4.00000   4.20000  -1.00000e+99
  -3.80000   4.20000  -1.00000e+99
  -3.60000   4.20000  -1.00000e+99
  -3.40000   4.20000  -1.00000e+99
  -3.20000   4.20000  -1.00000e+99
  -3.00000   4.20000  -1.00000e+99
  -2.80000   4.20000   5.40000e+01
  -2.60000   4.20000   3.38705e+01
  -2.40000   4.20000   3.83263e+01
  -2.20000   4.20000   3.33025e+01
  -2.00000   4.20000   3.10854e+01
  -1.80000   4.20000   2.75084e+01
  -1.60000   4.20000   2.43853e+01
  -1.40000   4.20000   2.20724e+01
  -1.20000   4.20000   1.96492e+01
  -1.00000   4.20000   1.72681e+01
  -0.80000   4.20000   1.51347e+01
  -0.60000   4.20000   1.33112e+01
  -0.40000   4.20000   1.17739e+01
  -0.20000   4.20000   1.04718e+01
   0.00000   4.20000   9.35326e+00
   0.20000   4.20000   8.37494e+00
   0.40000   4.20000   7.50188e+00
   0.60000   4.20000   6.70596e+00
   0.80000   4.20000   5.96428e+00
   1.00000   4.20000   5.25868e+00
   1.20000   4.20000   4.57776e+00
   1.40000   4.20000   3.92121e+00
   1.60000   4.20000   3.29837e+00
   1.80000   4.20000   2.69393e+00
   2.00000   4.20000   2.09907e+00
   2.20000   4.20000   1.54154e+00
   2.40000   4.20000   9.79273e-01
   2.60000   4.20000   5.56865e-01
   2.80000   4.20000   0.00000e+00
   3.00000   4.20000  -1.00000e+99
   3.20000   4.20000  -1.00000e+99
   3.40000   4.20000  -1.00000e+99
   3.60000   4.20000  -1.00000e+99
   3.80000   4.20000  -1.00000e+99
   4.00000   4.20000  -1.00000e+99
   4.20000   4.20000  -1.00000e+99
   4.40000   4.20000  -1.00000e+99
   4.60000   4.20000  -1.00000e+99
   4.80000   4.20000  -1.00000e+99
   5.00000   4.20000  -1.00000e+99
  -5.00000   4.40000  -1.00000e+99
  -4.80000   4.40000  -1.00000e+99
  -4.60000   4.40000  -1.00000e+99
  -4.40000   4.40000  -1.00000e+99
  -4.20000   4.40000  -1.00000e+99
  -4.00000   4.40000  -1.00000e+99
  -3.80000   4.40000  -1.00000e+99
  -3.60000   4.40000  -1.00000e+99
  -3.40000   4.40000  -1.00000e+99
  -3.20000   4.40000  -1.00000e+99
  -3.00000   4.40000  -1.00000e+99
  -2.80000   4.40000  -1.00000e+99
  -2.60000   4.40000  -1.00000e+99
  -2.40000   4.40000   4.60000e+01
  -2.20000   4.40000   2.73843e+01
  -2.00000   4.40000   3.02348e+01
  -1.80000   4.40000   2.44696e+01
  -1.60000   4.40000   2.08324e+01
  -1.40000   4.40000   1.97329e+01
  -1.20000   4.40000   1.71952e+01
  -1.00000   4.40000   1.45472e+01
  -0.80000   4.40000   1.23340e+01
  -0.60000   4.40000   1.05902e+01
  -0.40000   4.40000   9.21517e+00
  -0.20000   4.40000   8.10605e+00
   0.00000   4.40000   7.18469e+00
   0.20000   4.40000   6.39573e+00
   0.40000   4.40000   5.69943e+00
   0.60000   4.40000   5.06541e+00
   0.80000   4.40000   4.46815e+00
   1.00000   4.40000   3.88500e+00
   1.20000   4.40000   3.29935e+00
   1.40000   4.40000   2.71692e+00
   1.60000   4.40000   2.19251e+00
   1.80000   4.40000   1.67080e+00
   2.00000   4.40000   1.10807e+00
   2.20000   4.40000   6.62401e-01
   2.40000   4.40000   0.00000e+00
   2.60000   4.40000  -1.00000e+99
   2.80000   4.40000  -1.00000e+99
   3.00000   4.40000  -1.00000e+99
   3.20000   4.40000  -1.00000e+99
   3.40000   4.40000  -1.00000e+99
   3.60000   4.40000  -1.00000e+99
   3.80000   4.40000  -1.00000e+99
   4.00000   4.40000  -1.00000e+99
   4.20000   4.40000  -1.00000e+99
   4.40000   4.40000  -1.00000e+99
   4.60000   4.40000  -1.00000e+99
   4.80000   4.40000  -1.00000e+99
   5.00000   4.40000  -1.00000e+99
  -5.00000   4.60000  -1.00000e+99
  -4.80000   4.60000  -1.00000e+99
  -4.60000   4.60000  -1.00000e+99
  -4.40000   4.60000  -1.00000e+99
  -4.20000   4.60000  -1.00000e+99
  -4.00000   4.60000  -1.00000e+99
  -3.80000   4.60000  -1.00000e+99
  -3.60000   4.60000  -1.00000e+99
  -3.40000   4.60000  -1.00000e+99
  -3.20000   4.60000  -1.00000e+99
  -3.00000   4.60000  -1.00000e+99
  -2.80000   4.60000  -1.00000e+99
  -2.60000   4.60000  -1.00000e+99
  -2.40000   4.60000  -1.00000e+99
  -2.20000   4.60000  -1.00000e+99
  -2.00000   4.60000   3.80000e+01
  -1.80000   4.60000   1.93028e+01
  -1.60000   4.60000   1.47417e+01
  -1.40000   4.60000   1.88316e+01
  -1.20000   4.60000   1.48517e+01
  -1.00000   4.60000   1.13914e+01
  -0.80000   4.60000   9.06413e+00
  -0.60000   4.60000   7.50030e+00
  -0.40000   4.60000   6.39059e+00
  -0.20000   4.60000   5.55264e+00
   0.00000   4.60000   4.88375e+00
   0.20000   4.60000   4.32389e+00
   0.40000   4.60000   3.83476e+00
   0.60000   4.60000   3.38812e+00
   0.80000   4.60000   2.95796e+00
   1.00000   4.60000   2.51384e+00
   1.20000   4.60000   2.01773e+00
   1.40000   4.60000   1.45465e+00
   1.60000   4.60000   1.08396e+00
   1.80000   4.60000   6.88689e-01
   2.00000   4.60000   0.00000e+00
   2.20000   4.60000  -1.00000e+99
   2.40000   4.60000  -1.00000e+99
   2.60000   4.60000  -1.00000e+99
   2.80000   4.60000  -1.00000e+99
   3.00000   4.60000  -1.00000e+99
   3.20000   4.60000  -1.00000e+99
   3.40000   4.60000  -1.00000e+99
   3.60000   4.60000  -1.00000e+99
   3.80000   4.60000  -1.00000e+99
   4.00000   4.60000  -1.00000e+99
   4.20000   4.60000  -1.00000e+99
   4.40000   4.60000  -1.00000e+99
   4.60000   4.60000  -1.00000e+99
   4.80000   4.60000  -1.00000e+99
   5.00000   4.60000  -1.00000e+99
  -5.00000   4.80000  -1.00000e+99
  -4.80000   4.80000  -1.00000e+99
  -4.60000   4.80000  -1.00000e+99
  -4.40000   4.80000  -1.00000e+99
  -4.20000   4.80000  -1.00000e+99
  -4.00000   4.80000  -1.00000e+99
  -3.80000   4.80000  -1.00000e+99
  -3.60000   4.80000  -1.00000e+99
  -3.40000   4.80000  -1.00000e+99
  -3.20000   4.80000  -1.00000e+99
  -3.00000   4.80000  -1.00000e+99
  -2.80000   4.80000  -1.00000e+99
  -2.60000   4.80000  -1.00000e+99
  -2.40000   4.80000  -1.00000e+99
  -2.20000   4.80000  -1.00000e+99
  -2.00000   4.80000  -1.00000e+99
  -1.80000   4.80000  -1.00000e+99
  -1.60000   4.80000  -1.00000e+99
  -1.40000   4.80000   2.60000e+01
  -1.20000   4.80000   1.19886e+01
  -1.00000   4.80000   7.10270e+00
  -0.80000   4.80000   5.03079e+00
  -0.60000   4.80000   3.95634e+00
  -0.40000   4.80000   3.29428e+00
  -0.20000   4.80000   2.83018e+00
   0.00000   4.80000   2.47381e+00
   0.20000   4.80000   2.18133e+00
   0.40000   4.80000   1.92761e+00
   0.60000   4.80000   1.69437e+00
   0.80000   4.80000   1.46175e+00
   1.00000   4.80000   1.19467e+00
   1.20000   4.80000   8.03100e-01
   1.40000   4.80000   0.00000e+00
   1.60000   4.80000  -1.00000e+99
   1.80000   4.80000  -1.00000e+99
   2.00000   4.80000  -1.00000e+99
   2.20000   4.80000  -1.00000e+99
   2.40000   4.80000  -1.00000e+99
   2.60000   4.80000  -1.00000e+99
   2.80000   4.80000  -1.00000e+99
   3.00000   4.80000  -1.00000e+99
   3.20000   4.80000  -1.00000e+99
   3.40000   4.80000  -1.00000e+99
   3.60000   4.80000  -1.00000e+99
   3.80000   4.80000  -1.00000e+99
   4.00000   4.80000  -1.00000e+99
   4.20000   4.80000  -1.00000e+99
   4.40000   4.80000  -1.00000e+99
   4.60000   4.80000  -1.00000e+99
   4.80000   4.80000  -1.00000e+99
   5.00000   4.80000  -1.00000e+99
  -5.00000   5.00000  -1.00000e+99
  -4.80000   5.00000  -1.00000e+99
  -4.60000   5.00000  -1.00000e+99
  -4.40000   5.00000  -1.00000e+99
  -4.20000   5.00000  -1.00000e+99
  -4.00000   5.00000  -1.00000e+99
  -3.80000   5.00000  -1.00000e+99
  -3.60000   5.00000  -1.00000e+99
  -3.40000   5.00000  -1.00000e+99
  -3.20000   5.00000  -1.00000e+99
  -3.00000   5.00000  -1.00000e+99
  -2.80000   5.00000  -1.00000e+99
  -2.60000   5.00000  -1.00000e+99
  -2.40000   5.00000  -1.00000e+99
  -2.20000   5.00000  -1.00000e+99
  -2.00000   5.00000  -1.00000e+99
  -1.80000   5.00000  -1.00000e+99
  -1.60000   5.00000  -1.00000e+99
  -1.40000   5.00000  -1.00000e+99
  -1.20000   5.00000  -1.00000e+99
  -1.00000   5.00000  -1.00000e+99
  -0.80000   5.00000  -1.00000e+99
  -0.60000   5.00000  -1.00000e+99
  -0.40000   5.00000  -1.00000e+99
  -0.20000   5.00000   0.00000e+00
   0.00000   5.00000   0.00000e+00
   0.20000   5.00000   0.00000e+00
   0.40000   5.00000  -1.00000e+99
   0.60000   5.00000  -1.00000e+99
   0.80000   5.00000  -1.00000e+99
   1.00000   5.00000  -1.00000e+99
   1.20000   5.00000  -1.00000e+99
   1.40000   5.00000  -1.00000e+99
   1.60000   5.00000  -1.00000e+99
   1.80000   5.00000  -1.00000e+99
   2.00000   5.00000  -1.00000e+99
   2.20000   5.00000  -1.00000e+99
   2.40000   5.00000  -1.00000e+99
   2.60000   5.00000  -1.00000e+99
   2.80000   5.00000  -1.00000e+99
   3.00000   5.00000  -1.00000e+99
   3.20000   5.00000  -1.00000e+99
   3.40000   5.00000  -1.00000e+99
   3.60000   5.00000  -1.00000e+99
   3.80000   5.00000  -1.00000e+99
   4.00000   5.00000  -1.00000e+99
   4.20000   5.00000  -1.00000e+99
   4.40000   5.00000  -1.00000e+99
   4.60000   5.00000  -1.00000e+99
   4.80000   5.00000  -1.00000e+99
   5.00000   5.00000  -1.00000e+99
