      x         y          u
   0.00000   0.00000   0.00000e+00
   0.25000   0.00000   0.00000e+00
   0.50000   0.00000   0.00000e+00
   0.75000   0.00000   0.00000e+00
   1.00000   0.00000   0.00000e+00
   1.25000   0.00000   0.00000e+00
   1.50000   0.00000   0.00000e+00
   1.75000   0.00000   0.00000e+00
   2.00000   0.00000   0.00000e+00
   2.25000   0.00000   0.00000e+00
   2.50000   0.00000   0.00000e+00
   2.75000   0.00000   0.00000e+00
   3.00000   0.00000   0.00000e+00
   3.25000   0.00000   0.00000e+00
   3.50000   0.00000   0.00000e+00
   3.75000   0.00000   0.00000e+00
   4.00000   0.00000   0.00000e+00
   4.25000   0.00000   0.00000e+00
   4.50000   0.00000   0.00000e+00
   4.75000   0.00000   0.00000e+00
   5.00000   0.00000   0.00000e+00
   5.25000   0.00000   0.00000e+00
   5.50000   0.00000   0.00000e+00
   5.75000   0.00000   0.00000e+00
   6.00000   0.00000   0.00000e+00
   6.25000   0.00000   0.00000e+00
   6.50000   0.00000   0.00000e+00
   6.75000   0.00000   0.00000e+00
   7.00000   0.00000   0.00000e+00
   7.25000   0.00000   0.00000e+00
   7.50000   0.00000   0.00000e+00
   7.75000   0.00000   0.00000e+00
   8.00000   0.00000   0.00000e+00
   8.25000   0.00000   0.00000e+00
   8.50000   0.00000   0.00000e+00
   8.75000   0.00000   0.00000e+00
   9.00000   0.00000   0.00000e+00
   9.25000   0.00000   0.00000e+00
   9.50000   0.00000   0.00000e+00
   9.75000   0.00000   0.00000e+00
  10.00000   0.00000   0.00000e+00
   0.00000   0.25000   7.84591e+00
   0.25000   0.25000   7.25115e+00
   0.50000   0.25000   6.70110e+00
   0.75000   0.25000   6.19237e+00
   1.00000   0.25000   5.72182e+00
   1.25000   0.25000   5.28655e+00
   1.50000   0.25000   4.88388e+00
   1.75000   0.25000   4.51133e+00
   2.00000   0.25000   4.16661e+00
   2.25000   0.25000   3.84758e+00
   2.50000   0.25000   3.55228e+00
   2.75000   0.25000   3.27889e+00
   3.00000   0.25000   3.02573e+00
   3.25000   0.25000   2.79124e+00
   3.50000   0.25000   2.57397e+00
   3.75000   0.25000   2.37258e+00
   4.00000   0.25000   2.18583e+00
   4.25000   0.25000   2.01257e+00
   4.50000   0.25000   1.85174e+00
   4.75000   0.25000   1.70233e+00
   5.00000   0.25000   1.56344e+00
   5.25000   0.25000   1.43420e+00
   5.50000   0.25000   1.31381e+00
   5.75000   0.25000   1.20154e+00
   6.00000   0.25000   1.09669e+00
   6.25000   0.25000   9.98621e-01
   6.50000   0.25000   9.06716e-01
   6.75000   0.25000   8.20414e-01
   7.00000   0.25000   7.39182e-01
   7.25000   0.25000   6.62518e-01
   7.50000   0.25000   5.89950e-01
   7.75000   0.25000   5.21027e-01
   8.00000   0.25000   4.55326e-01
   8.25000   0.25000   3.92439e-01
   8.50000   0.25000   3.31979e-01
   8.75000   0.25000   2.73571e-01
   9.00000   0.25000   2.16855e-01
   9.25000   0.25000   1.61479e-01
   9.50000   0.25000   1.07102e-01
   9.75000   0.25000   5.33859e-02
  10.00000   0.25000   0.00000e+00
   0.00000   0.50000   1.56434e+01
   0.25000   0.50000   1.44576e+01
   0.50000   0.50000   1.33609e+01
   0.75000   0.50000   1.23466e+01
   1.00000   0.50000   1.14084e+01
   1.25000   0.50000   1.05405e+01
   1.50000   0.50000   9.73766e+00
   1.75000   0.50000   8.99486e+00
   2.00000   0.50000   8.30753e+00
   2.25000   0.50000   7.67143e+00
   2.50000   0.50000   7.08266e+00
   2.75000   0.50000   6.53757e+00
   3.00000   0.50000   6.03281e+00
   3.25000   0.50000   5.56527e+00
   3.50000   0.50000   5.13207e+00
   3.75000   0.50000   4.73053e+00
   4.00000   0.50000   4.35819e+00
   4.25000   0.50000   4.01274e+00
   4.50000   0.50000   3.69206e+00
   4.75000   0.50000   3.39418e+00
   5.00000   0.50000   3.11725e+00
   5.25000   0.50000   2.85956e+00
   5.50000   0.50000   2.61953e+00
   5.75000   0.50000   2.39569e+00
   6.00000   0.50000   2.18663e+00
   6.25000   0.50000   1.99109e+00
   6.50000   0.50000   1.80785e+00
   6.75000   0.50000   1.63578e+00
   7.00000   0.50000   1.47381e+00
   7.25000   0.50000   1.32096e+00
   7.50000   0.50000   1.17627e+00
   7.75000   0.50000   1.03885e+00
   8.00000   0.50000   9.07848e-01
   8.25000   0.50000   7.82463e-01
   8.50000   0.50000   6.61914e-01
   8.75000   0.50000   5.45458e-01
   9.00000   0.50000   4.32375e-01
   9.25000   0.50000   3.21964e-01
   9.50000   0.50000   2.13544e-01
   9.75000   0.50000   1.06443e-01
  10.00000   0.50000   0.00000e+00
   0.00000   0.75000   2.33445e+01
   0.25000   0.75000   2.15749e+01
   0.50000   0.75000   1.99383e+01
   0.75000   0.75000   1.84246e+01
   1.00000   0.75000   1.70246e+01
   1.25000   0.75000   1.57295e+01
   1.50000   0.75000   1.45314e+01
   1.75000   0.75000   1.34229e+01
   2.00000   0.75000   1.23972e+01
   2.25000   0.75000   1.14480e+01
   2.50000   0.75000   1.05694e+01
   2.75000   0.75000   9.75595e+00
   3.00000   0.75000   9.00270e+00
   3.25000   0.75000   8.30500e+00
   3.50000   0.75000   7.65854e+00
   3.75000   0.75000   7.05933e+00
   4.00000   0.75000   6.50368e+00
   4.25000   0.75000   5.98818e+00
   4.50000   0.75000   5.50964e+00
   4.75000   0.75000   5.06510e+00
   5.00000   0.75000   4.65184e+00
   5.25000   0.75000   4.26730e+00
   5.50000   0.75000   3.90911e+00
   5.75000   0.75000   3.57506e+00
   6.00000   0.75000   3.26310e+00
   6.25000   0.75000   2.97129e+00
   6.50000   0.75000   2.69784e+00
   6.75000   0.75000   2.44106e+00
   7.00000   0.75000   2.19936e+00
   7.25000   0.75000   1.97126e+00
   7.50000   0.75000   1.75534e+00
   7.75000   0.75000   1.55027e+00
   8.00000   0.75000   1.35478e+00
   8.25000   0.75000   1.16767e+00
   8.50000   0.75000   9.87772e-01
   8.75000   0.75000   8.13985e-01
   9.00000   0.75000   6.45231e-01
   9.25000   0.75000   4.80466e-01
   9.50000   0.75000   3.18671e-01
   9.75000   0.75000   1.58845e-01
  10.00000   0.75000   0.00000e+00
   0.00000   1.00000   3.09017e+01
   0.25000   1.00000   2.85592e+01
   0.50000   1.00000   2.63928e+01
   0.75000   1.00000   2.43891e+01
   1.00000   1.00000   2.25358e+01
   1.25000   1.00000   2.08215e+01
   1.50000   1.00000   1.92356e+01
   1.75000   1.00000   1.77682e+01
   2.00000   1.00000   1.64105e+01
   2.25000   1.00000   1.51540e+01
   2.50000   1.00000   1.39909e+01
   2.75000   1.00000   1.29142e+01
   3.00000   1.00000   1.19171e+01
   3.25000   1.00000   1.09935e+01
   3.50000   1.00000   1.01378e+01
   3.75000   1.00000   9.34461e+00
   4.00000   1.00000   8.60909e+00
   4.25000   1.00000   7.92670e+00
   4.50000   1.00000   7.29325e+00
   4.75000   1.00000   6.70481e+00
   5.00000   1.00000   6.15776e+00
   5.25000   1.00000   5.64874e+00
   5.50000   1.00000   5.17459e+00
   5.75000   1.00000   4.73241e+00
   6.00000   1.00000   4.31945e+00
   6.25000   1.00000   3.93318e+00
   6.50000   1.00000   3.57121e+00
   6.75000   1.00000   3.23130e+00
   7.00000   1.00000   2.91136e+00
   7.25000   1.00000   2.60941e+00
   7.50000   1.00000   2.32359e+00
   7.75000   1.00000   2.05213e+00
   8.00000   1.00000   1.79336e+00
   8.25000   1.00000   1.54567e+00
   8.50000   1.00000   1.30754e+00
   8.75000   1.00000   1.07750e+00
   9.00000   1.00000   8.54111e-01
   9.25000   1.00000   6.36007e-01
   9.50000   1.00000   4.21834e-01
   9.75000   1.00000   2.10268e-01
  10.00000   1.00000   0.00000e+00
   0.00000   1.25000   3.82683e+01
   0.25000   1.25000   3.53674e+01
   0.50000   1.25000   3.26846e+01
   0.75000   1.25000   3.02032e+01
   1.00000   1.25000   2.79081e+01
   1.25000   1.25000   2.57851e+01
   1.50000   1.25000   2.38211e+01
   1.75000   1.25000   2.20040e+01
   2.00000   1.25000   2.03226e+01
   2.25000   1.25000   1.87666e+01
   2.50000   1.25000   1.73262e+01
   2.75000   1.25000   1.59928e+01
   3.00000   1.25000   1.47580e+01
   3.25000   1.25000   1.36143e+01
   3.50000   1.25000   1.25546e+01
   3.75000   1.25000   1.15723e+01
   4.00000   1.25000   1.06614e+01
   4.25000   1.25000   9.81637e+00
   4.50000   1.25000   9.03190e+00
   4.75000   1.25000   8.30318e+00
   5.00000   1.25000   7.62573e+00
   5.25000   1.25000   6.99535e+00
   5.50000   1.25000   6.40818e+00
   5.75000   1.25000   5.86058e+00
   6.00000   1.25000   5.34918e+00
   6.25000   1.25000   4.87082e+00
   6.50000   1.25000   4.42256e+00
   6.75000   1.25000   4.00162e+00
   7.00000   1.25000   3.60541e+00
   7.25000   1.25000   3.23148e+00
   7.50000   1.25000   2.87752e+00
   7.75000   1.25000   2.54135e+00
   8.00000   1.25000   2.22089e+00
   8.25000   1.25000   1.91415e+00
   8.50000   1.25000   1.61925e+00
   8.75000   1.25000   1.33437e+00
   9.00000   1.25000   1.05773e+00
   9.25000   1.25000   7.87628e-01
   9.50000   1.25000   5.22397e-01
   9.75000   1.25000   2.60394e-01
  10.00000   1.25000   0.00000e+00
   0.00000   1.50000   4.53990e+01
   0.25000   1.50000   4.19576e+01
   0.50000   1.50000   3.87748e+01
   0.75000   1.50000   3.58311e+01
   1.00000   1.50000   3.31084e+01
   1.25000   1.50000   3.05898e+01
   1.50000   1.50000   2.82598e+01
   1.75000   1.50000   2.61041e+01
   2.00000   1.50000   2.41094e+01
   2.25000   1.50000   2.22634e+01
   2.50000   1.50000   2.05547e+01
   2.75000   1.50000   1.89728e+01
   3.00000   1.50000   1.75080e+01
   3.25000   1.50000   1.61511e+01
   3.50000   1.50000   1.48939e+01
   3.75000   1.50000   1.37286e+01
   4.00000   1.50000   1.26480e+01
   4.25000   1.50000   1.16455e+01
   4.50000   1.50000   1.07149e+01
   4.75000   1.50000   9.85037e+00
   5.00000   1.50000   9.04668e+00
   5.25000   1.50000   8.29885e+00
   5.50000   1.50000   7.60226e+00
   5.75000   1.50000   6.95263e+00
   6.00000   1.50000   6.34594e+00
   6.25000   1.50000   5.77845e+00
   6.50000   1.50000   5.24665e+00
   6.75000   1.50000   4.74728e+00
   7.00000   1.50000   4.27724e+00
   7.25000   1.50000   3.83363e+00
   7.50000   1.50000   3.41372e+00
   7.75000   1.50000   3.01490e+00
   8.00000   1.50000   2.63473e+00
   8.25000   1.50000   2.27084e+00
   8.50000   1.50000   1.92099e+00
   8.75000   1.50000   1.58301e+00
   9.00000   1.50000   1.25482e+00
   9.25000   1.50000   9.34394e-01
   9.50000   1.50000   6.19740e-01
   9.75000   1.50000   3.08916e-01
  10.00000   1.50000   0.00000e+00
   0.00000   1.75000   5.22499e+01
   0.25000   1.75000   4.82891e+01
   0.50000   1.75000   4.46260e+01
   0.75000   1.75000   4.12381e+01
   1.00000   1.75000   3.81045e+01
   1.25000   1.75000   3.52059e+01
   1.50000   1.75000   3.25243e+01
   1.75000   1.75000   3.00433e+01
   2.00000   1.75000   2.77476e+01
   2.25000   1.75000   2.56230e+01
   2.50000   1.75000   2.36565e+01
   2.75000   1.75000   2.18359e+01
   3.00000   1.75000   2.01500e+01
   3.25000   1.75000   1.85884e+01
   3.50000   1.75000   1.71415e+01
   3.75000   1.75000   1.58003e+01
   4.00000   1.75000   1.45567e+01
   4.25000   1.75000   1.34029e+01
   4.50000   1.75000   1.23318e+01
   4.75000   1.75000   1.13368e+01
   5.00000   1.75000   1.04119e+01
   5.25000   1.75000   9.55119e+00
   5.50000   1.75000   8.74948e+00
   5.75000   1.75000   8.00182e+00
   6.00000   1.75000   7.30357e+00
   6.25000   1.75000   6.65045e+00
   6.50000   1.75000   6.03840e+00
   6.75000   1.75000   5.46367e+00
   7.00000   1.75000   4.92270e+00
   7.25000   1.75000   4.41215e+00
   7.50000   1.75000   3.92887e+00
   7.75000   1.75000   3.46987e+00
   8.00000   1.75000   3.03232e+00
   8.25000   1.75000   2.61352e+00
   8.50000   1.75000   2.21088e+00
   8.75000   1.75000   1.82190e+00
   9.00000   1.75000   1.44419e+00
   9.25000   1.75000   1.07540e+00
   9.50000   1.75000   7.13264e-01
   9.75000   1.75000   3.55534e-01
  10.00000   1.75000   0.00000e+00
   0.00000   2.00000   5.87785e+01
   0.25000   2.00000   5.43228e+01
   0.50000   2.00000   5.02021e+01
   0.75000   2.00000   4.63909e+01
   1.00000   2.00000   4.28657e+01
   1.25000   2.00000   3.96049e+01
   1.50000   2.00000   3.65883e+01
   1.75000   2.00000   3.37973e+01
   2.00000   2.00000   3.12147e+01
   2.25000   2.00000   2.88247e+01
   2.50000   2.00000   2.66124e+01
   2.75000   2.00000   2.45643e+01
   3.00000   2.00000   2.26678e+01
   3.25000   2.00000   2.09110e+01
   3.50000   2.00000   1.92833e+01
   3.75000   2.00000   1.77746e+01
   4.00000   2.00000   1.63756e+01
   4.25000   2.00000   1.50776e+01
   4.50000   2.00000   1.38727e+01
   4.75000   2.00000   1.27534e+01
   5.00000   2.00000   1.17129e+01
   5.25000   2.00000   1.07446e+01
   5.50000   2.00000   9.84277e+00
   5.75000   2.00000   9.00168e+00
   6.00000   2.00000   8.21619e+00
   6.25000   2.00000   7.48145e+00
   6.50000   2.00000   6.79293e+00
   6.75000   2.00000   6.14638e+00
   7.00000   2.00000   5.53782e+00
   7.25000   2.00000   4.96347e+00
   7.50000   2.00000   4.41980e+00
   7.75000   2.00000   3.90345e+00
   8.00000   2.00000   3.41123e+00
   8.25000   2.00000   2.94010e+00
   8.50000   2.00000   2.48714e+00
   8.75000   2.00000   2.04956e+00
   9.00000   2.00000   1.62465e+00
   9.25000   2.00000   1.20978e+00
   9.50000   2.00000   8.02391e-01
   9.75000   2.00000   3.99961e-01
  10.00000   2.00000   0.00000e+00
   0.00000   2.25000   6.49448e+01
   0.25000   2.25000   6.00217e+01
   0.50000   2.25000   5.54687e+01
   0.75000   2.25000   5.12576e+01
   1.00000   2.25000   4.73627e+01
   1.25000   2.25000   4.37597e+01
   1.50000   2.25000   4.04266e+01
   1.75000   2.25000   3.73429e+01
   2.00000   2.25000   3.44894e+01
   2.25000   2.25000   3.18486e+01
   2.50000   2.25000   2.94043e+01
   2.75000   2.25000   2.71413e+01
   3.00000   2.25000   2.50458e+01
   3.25000   2.25000   2.31048e+01
   3.50000   2.25000   2.13063e+01
   3.75000   2.25000   1.96393e+01
   4.00000   2.25000   1.80935e+01
   4.25000   2.25000   1.66594e+01
   4.50000   2.25000   1.53281e+01
   4.75000   2.25000   1.40914e+01
   5.00000   2.25000   1.29417e+01
   5.25000   2.25000   1.18719e+01
   5.50000   2.25000   1.08754e+01
   5.75000   2.25000   9.94604e+00
   6.00000   2.25000   9.07815e+00
   6.25000   2.25000   8.26633e+00
   6.50000   2.25000   7.50558e+00
   6.75000   2.25000   6.79121e+00
   7.00000   2.25000   6.11879e+00
   7.25000   2.25000   5.48419e+00
   7.50000   2.25000   4.88349e+00
   7.75000   2.25000   4.31297e+00
   8.00000   2.25000   3.76911e+00
   8.25000   2.25000   3.24855e+00
   8.50000   2.25000   2.74807e+00
   8.75000   2.25000   2.26458e+00
   9.00000   2.25000   1.79509e+00
   9.25000   2.25000   1.33670e+00
   9.50000   2.25000   8.86572e-01
   9.75000   2.25000   4.41921e-01
  10.00000   2.25000   0.00000e+00
   0.00000   2.50000   7.07107e+01
   0.25000   2.50000   6.53505e+01
   0.50000   2.50000   6.03932e+01
   0.75000   2.50000   5.58084e+01
   1.00000   2.50000   5.15676e+01
   1.25000   2.50000   4.76448e+01
   1.50000   2.50000   4.40158e+01
   1.75000   2.50000   4.06582e+01
   2.00000   2.50000   3.75514e+01
   2.25000   2.50000   3.46762e+01
   2.50000   2.50000   3.20148e+01
   2.75000   2.50000   2.95510e+01
   3.00000   2.50000   2.72694e+01
   3.25000   2.50000   2.51561e+01
   3.50000   2.50000   2.31979e+01
   3.75000   2.50000   2.13829e+01
   4.00000   2.50000   1.96999e+01
   4.25000   2.50000   1.81384e+01
   4.50000   2.50000   1.66889e+01
   4.75000   2.50000   1.53424e+01
   5.00000   2.50000   1.40907e+01
   5.25000   2.50000   1.29259e+01
   5.50000   2.50000   1.18409e+01
   5.75000   2.50000   1.08291e+01
   6.00000   2.50000   9.88415e+00
   6.25000   2.50000   9.00025e+00
   6.50000   2.50000   8.17196e+00
   6.75000   2.50000   7.39416e+00
   7.00000   2.50000   6.66205e+00
   7.25000   2.50000   5.97111e+00
   7.50000   2.50000   5.31707e+00
   7.75000   2.50000   4.69590e+00
   8.00000   2.50000   4.10375e+00
   8.25000   2.50000   3.53697e+00
   8.50000   2.50000   2.99206e+00
   8.75000   2.50000   2.46564e+00
   9.00000   2.50000   1.95447e+00
   9.25000   2.50000   1.45538e+00
   9.50000   2.50000   9.65287e-01
   9.75000   2.50000   4.81158e-01
  10.00000   2.50000   0.00000e+00
   0.00000   2.75000   7.60406e+01
   0.25000   2.75000   7.02764e+01
   0.50000   2.75000   6.49455e+01
   0.75000   2.75000   6.00150e+01
   1.00000   2.75000   5.54546e+01
   1.25000   2.75000   5.12361e+01
   1.50000   2.75000   4.73335e+01
   1.75000   2.75000   4.37229e+01
   2.00000   2.75000   4.03819e+01
   2.25000   2.75000   3.72900e+01
   2.50000   2.75000   3.44280e+01
   2.75000   2.75000   3.17784e+01
   3.00000   2.75000   2.93249e+01
   3.25000   2.75000   2.70523e+01
   3.50000   2.75000   2.49465e+01
   3.75000   2.75000   2.29947e+01
   4.00000   2.75000   2.11848e+01
   4.25000   2.75000   1.95057e+01
   4.50000   2.75000   1.79469e+01
   4.75000   2.75000   1.64989e+01
   5.00000   2.75000   1.51528e+01
   5.25000   2.75000   1.39002e+01
   5.50000   2.75000   1.27335e+01
   5.75000   2.75000   1.16454e+01
   6.00000   2.75000   1.06292e+01
   6.25000   2.75000   9.67869e+00
   6.50000   2.75000   8.78797e+00
   6.75000   2.75000   7.95154e+00
   7.00000   2.75000   7.16424e+00
   7.25000   2.75000   6.42122e+00
   7.50000   2.75000   5.71788e+00
   7.75000   2.75000   5.04988e+00
   8.00000   2.75000   4.41310e+00
   8.25000   2.75000   3.80360e+00
   8.50000   2.75000   3.21761e+00
   8.75000   2.75000   2.65151e+00
   9.00000   2.75000   2.10180e+00
   9.25000   2.75000   1.56509e+00
   9.50000   2.75000   1.03805e+00
   9.75000   2.75000   5.17428e-01
  10.00000   2.75000   0.00000e+00
   0.00000   3.00000   8.09017e+01
   0.25000   3.00000   7.47690e+01
   0.50000   3.00000   6.90973e+01
   0.75000   3.00000   6.38516e+01
   1.00000   3.00000   5.89997e+01
   1.25000   3.00000   5.45115e+01
   1.50000   3.00000   5.03595e+01
   1.75000   3.00000   4.65180e+01
   2.00000   3.00000   4.29635e+01
   2.25000   3.00000   3.96739e+01
   2.50000   3.00000   3.66290e+01
   2.75000   3.00000   3.38100e+01
   3.00000   3.00000   3.11996e+01
   3.25000   3.00000   2.87817e+01
   3.50000   3.00000   2.65413e+01
   3.75000   3.00000   2.44648e+01
   4.00000   3.00000   2.25392e+01
   4.25000   3.00000   2.07527e+01
   4.50000   3.00000   1.90943e+01
   4.75000   3.00000   1.75537e+01
   5.00000   3.00000   1.61215e+01
   5.25000   3.00000   1.47889e+01
   5.50000   3.00000   1.35475e+01
   5.75000   3.00000   1.23899e+01
   6.00000   3.00000   1.13087e+01
   6.25000   3.00000   1.02975e+01
   6.50000   3.00000   9.34979e+00
   6.75000   3.00000   8.45989e+00
   7.00000   3.00000   7.62226e+00
   7.25000   3.00000   6.83174e+00
   7.50000   3.00000   6.08343e+00
   7.75000   3.00000   5.37273e+00
   8.00000   3.00000   4.69524e+00
   8.25000   3.00000   4.04677e+00
   8.50000   3.00000   3.42332e+00
   8.75000   3.00000   2.82103e+00
   9.00000   3.00000   2.23618e+00
   9.25000   3.00000   1.66515e+00
   9.50000   3.00000   1.10442e+00
   9.75000   3.00000   5.50509e-01
  10.00000   3.00000   0.00000e+00
   0.00000   3.25000   8.52640e+01
   0.25000   3.25000   7.88006e+01
   0.50000   3.25000   7.28231e+01
   0.75000   3.25000   6.72946e+01
   1.00000   3.25000   6.21810e+01
   1.25000   3.25000   5.74508e+01
   1.50000   3.25000   5.30750e+01
   1.75000   3.25000   4.90264e+01
   2.00000   3.25000   4.52801e+01
   2.25000   3.25000   4.18131e+01
   2.50000   3.25000   3.86041e+01
   2.75000   3.25000   3.56331e+01
   3.00000   3.25000   3.28820e+01
   3.25000   3.25000   3.03337e+01
   3.50000   3.25000   2.79725e+01
   3.75000   3.25000   2.57840e+01
   4.00000   3.25000   2.37545e+01
   4.25000   3.25000   2.18717e+01
   4.50000   3.25000   2.01239e+01
   4.75000   3.25000   1.85003e+01
   5.00000   3.25000   1.69908e+01
   5.25000   3.25000   1.55863e+01
   5.50000   3.25000   1.42781e+01
   5.75000   3.25000   1.30580e+01
   6.00000   3.25000   1.19186e+01
   6.25000   3.25000   1.08527e+01
   6.50000   3.25000   9.85398e+00
   6.75000   3.25000   8.91609e+00
   7.00000   3.25000   8.03329e+00
   7.25000   3.25000   7.20014e+00
   7.50000   3.25000   6.41149e+00
   7.75000   3.25000   5.66246e+00
   8.00000   3.25000   4.94843e+00
   8.25000   3.25000   4.26499e+00
   8.50000   3.25000   3.60792e+00
   8.75000   3.25000   2.97315e+00
   9.00000   3.25000   2.35677e+00
   9.25000   3.25000   1.75495e+00
   9.50000   3.25000   1.16397e+00
   9.75000   3.25000   5.80196e-01
  10.00000   3.25000   0.00000e+00
   0.00000   3.50000   8.91007e+01
   0.25000   3.50000   8.23464e+01
   0.50000   3.50000   7.60999e+01
   0.75000   3.50000   7.03227e+01
   1.00000   3.50000   6.49790e+01
   1.25000   3.50000   6.00360e+01
   1.50000   3.50000   5.54632e+01
   1.75000   3.50000   5.12324e+01
   2.00000   3.50000   4.73176e+01
   2.25000   3.50000   4.36946e+01
   2.50000   3.50000   4.03412e+01
   2.75000   3.50000   3.72365e+01
   3.00000   3.50000   3.43616e+01
   3.25000   3.50000   3.16986e+01
   3.50000   3.50000   2.92312e+01
   3.75000   3.50000   2.69442e+01
   4.00000   3.50000   2.48235e+01
   4.25000   3.50000   2.28559e+01
   4.50000   3.50000   2.10294e+01
   4.75000   3.50000   1.93328e+01
   5.00000   3.50000   1.77554e+01
   5.25000   3.50000   1.62877e+01
   5.50000   3.50000   1.49206e+01
   5.75000   3.50000   1.36456e+01
   6.00000   3.50000   1.24549e+01
   6.25000   3.50000   1.13411e+01
   6.50000   3.50000   1.02974e+01
   6.75000   3.50000   9.31732e+00
   7.00000   3.50000   8.39480e+00
   7.25000   3.50000   7.52415e+00
   7.50000   3.50000   6.70001e+00
   7.75000   3.50000   5.91728e+00
   8.00000   3.50000   5.17112e+00
   8.25000   3.50000   4.45693e+00
   8.50000   3.50000   3.77028e+00
   8.75000   3.50000   3.10695e+00
   9.00000   3.50000   2.46282e+00
   9.25000   3.50000   1.83392e+00
   9.50000   3.50000   1.21636e+00
   9.75000   3.50000   6.06306e-01
  10.00000   3.50000   0.00000e+00
   0.00000   3.75000   9.23880e+01
   0.25000   3.75000   8.53846e+01
   0.50000   3.75000   7.89076e+01
   0.75000   3.75000   7.29172e+01
   1.00000   3.75000   6.73763e+01
   1.25000   3.75000   6.22510e+01
   1.50000   3.75000   5.75095e+01
   1.75000   3.75000   5.31226e+01
   2.00000   3.75000   4.90634e+01
   2.25000   3.75000   4.53068e+01
   2.50000   3.75000   4.18296e+01
   2.75000   3.75000   3.86104e+01
   3.00000   3.75000   3.56294e+01
   3.25000   3.75000   3.28682e+01
   3.50000   3.75000   3.03097e+01
   3.75000   3.75000   2.79383e+01
   4.00000   3.75000   2.57394e+01
   4.25000   3.75000   2.36992e+01
   4.50000   3.75000   2.18053e+01
   4.75000   3.75000   2.00461e+01
   5.00000   3.75000   1.84105e+01
   5.25000   3.75000   1.68887e+01
   5.50000   3.75000   1.54711e+01
   5.75000   3.75000   1.41491e+01
   6.00000   3.75000   1.29145e+01
   6.25000   3.75000   1.17596e+01
   6.50000   3.75000   1.06774e+01
   6.75000   3.75000   9.66111e+00
   7.00000   3.75000   8.70455e+00
   7.25000   3.75000   7.80178e+00
   7.50000   3.75000   6.94723e+00
   7.75000   3.75000   6.13562e+00
   8.00000   3.75000   5.36193e+00
   8.25000   3.75000   4.62138e+00
   8.50000   3.75000   3.90940e+00
   8.75000   3.75000   3.22159e+00
   9.00000   3.75000   2.55370e+00
   9.25000   3.75000   1.90159e+00
   9.50000   3.75000   1.26124e+00
   9.75000   3.75000   6.28678e-01
  10.00000   3.75000   0.00000e+00
   0.00000   4.00000   9.51057e+01
   0.25000   4.00000   8.78962e+01
   0.50000   4.00000   8.12288e+01
   0.75000   4.00000   7.50621e+01
   1.00000   4.00000   6.93583e+01
   1.25000   4.00000   6.40822e+01
   1.50000   4.00000   5.92012e+01
   1.75000   4.00000   5.46853e+01
   2.00000   4.00000   5.05067e+01
   2.25000   4.00000   4.66395e+01
   2.50000   4.00000   4.30600e+01
   2.75000   4.00000   3.97462e+01
   3.00000   4.00000   3.66775e+01
   3.25000   4.00000   3.38350e+01
   3.50000   4.00000   3.12014e+01
   3.75000   4.00000   2.87602e+01
   4.00000   4.00000   2.64965e+01
   4.25000   4.00000   2.43964e+01
   4.50000   4.00000   2.24468e+01
   4.75000   4.00000   2.06358e+01
   5.00000   4.00000   1.89521e+01
   5.25000   4.00000   1.73855e+01
   5.50000   4.00000   1.59263e+01
   5.75000   4.00000   1.45653e+01
   6.00000   4.00000   1.32944e+01
   6.25000   4.00000   1.21055e+01
   6.50000   4.00000   1.09915e+01
   6.75000   4.00000   9.94534e+00
   7.00000   4.00000   8.96064e+00
   7.25000   4.00000   8.03131e+00
   7.50000   4.00000   7.15162e+00
   7.75000   4.00000   6.31613e+00
   8.00000   4.00000   5.51968e+00
   8.25000   4.00000   4.75735e+00
   8.50000   4.00000   4.02442e+00
   8.75000   4.00000   3.31638e+00
   9.00000   4.00000   2.62883e+00
   9.25000   4.00000   1.95754e+00
   9.50000   4.00000   1.29835e+00
   9.75000   4.00000   6.47175e-01
  10.00000   4.00000   0.00000e+00
   0.00000   4.25000   9.72370e+01
   0.25000   4.25000   8.98660e+01
   0.50000   4.25000   8.30491e+01
   0.75000   4.25000   7.67443e+01
   1.00000   4.25000   7.09127e+01
   1.25000   4.25000   6.55183e+01
   1.50000   4.25000   6.05279e+01
   1.75000   4.25000   5.59109e+01
   2.00000   4.25000   5.16386e+01
   2.25000   4.25000   4.76848e+01
   2.50000   4.25000   4.40251e+01
   2.75000   4.25000   4.06369e+01
   3.00000   4.25000   3.74995e+01
   3.25000   4.25000   3.45933e+01
   3.50000   4.25000   3.19006e+01
   3.75000   4.25000   2.94048e+01
   4.00000   4.25000   2.70904e+01
   4.25000   4.25000   2.49432e+01
   4.50000   4.25000   2.29499e+01
   4.75000   4.25000   2.10983e+01
   5.00000   4.25000   1.93769e+01
   5.25000   4.25000   1.77752e+01
   5.50000   4.25000   1.62832e+01
   5.75000   4.25000   1.48918e+01
   6.00000   4.25000   1.35924e+01
   6.25000   4.25000   1.23769e+01
   6.50000   4.25000   1.12378e+01
   6.75000   4.25000   1.01682e+01
   7.00000   4.25000   9.16148e+00
   7.25000   4.25000   8.21133e+00
   7.50000   4.25000   7.31192e+00
   7.75000   4.25000   6.45770e+00
   8.00000   4.25000   5.64340e+00
   8.25000   4.25000   4.86398e+00
   8.50000   4.25000   4.11463e+00
   8.75000   4.25000   3.39071e+00
   9.00000   4.25000   2.68776e+00
   9.25000   4.25000   2.00142e+00
   9.50000   4.25000   1.32745e+00
   9.75000   4.25000   6.61681e-01
  10.00000   4.25000   0.00000e+00
   0.00000   4.50000   9.87688e+01
   0.25000   4.50000   9.12817e+01
   0.50000   4.50000   8.43575e+01
   0.75000   4.50000   7.79533e+01
   1.00000   4.50000   7.20298e+01
   1.25000   4.50000   6.65505e+01
   1.50000   4.50000   6.14815e+01
   1.75000   4.50000   5.67917e+01
   2.00000   4.50000   5.24521e+01
   2.25000   4.50000   4.84360e+01
   2.50000   4.50000   4.47187e+01
   2.75000   4.50000   4.12771e+01
   3.00000   4.50000   3.80903e+01
   3.25000   4.50000   3.51383e+01
   3.50000   4.50000   3.24032e+01
   3.75000   4.50000   2.98681e+01
   4.00000   4.50000   2.75172e+01
   4.25000   4.50000   2.53361e+01
   4.50000   4.50000   2.33115e+01
   4.75000   4.50000   2.14307e+01
   5.00000   4.50000   1.96822e+01
   5.25000   4.50000   1.80553e+01
   5.50000   4.50000   1.65398e+01
   5.75000   4.50000   1.51264e+01
   6.00000   4.50000   1.38065e+01
   6.25000   4.50000   1.25719e+01
   6.50000   4.50000   1.14149e+01
   6.75000   4.50000   1.03285e+01
   7.00000   4.50000   9.30584e+00
   7.25000   4.50000   8.34072e+00
   7.50000   4.50000   7.42714e+00
   7.75000   4.50000   6.55946e+00
   8.00000   4.50000   5.73233e+00
   8.25000   4.50000   4.94063e+00
   8.50000   4.50000   4.17947e+00
   8.75000   4.50000   3.44414e+00
   9.00000   4.50000   2.73011e+00
   9.25000   4.50000   2.03296e+00
   9.50000   4.50000   1.34837e+00
   9.75000   4.50000   6.72108e-01
  10.00000   4.50000   0.00000e+00
   0.00000   4.75000   9.96917e+01
   0.25000   4.75000   9.21347e+01
   0.50000   4.75000   8.51457e+01
   0.75000   4.75000   7.86817e+01
   1.00000   4.75000   7.27029e+01
   1.25000   4.75000   6.71723e+01
   1.50000   4.75000   6.20560e+01
   1.75000   4.75000   5.73224e+01
   2.00000   4.75000   5.29422e+01
   2.25000   4.75000   4.88886e+01
   2.50000   4.75000   4.51365e+01
   2.75000   4.75000   4.16629e+01
   3.00000   4.75000   3.84462e+01
   3.25000   4.75000   3.54667e+01
   3.50000   4.75000   3.27061e+01
   3.75000   4.75000   3.01472e+01
   4.00000   4.75000   2.77744e+01
   4.25000   4.75000   2.55729e+01
   4.50000   4.75000   2.35293e+01
   4.75000   4.75000   2.16310e+01
   5.00000   4.75000   1.98662e+01
   5.25000   4.75000   1.82240e+01
   5.50000   4.75000   1.66944e+01
   5.75000   4.75000   1.52678e+01
   6.00000   4.75000   1.39356e+01
   6.25000   4.75000   1.26894e+01
   6.50000   4.75000   1.15216e+01
   6.75000   4.75000   1.04250e+01
   7.00000   4.75000   9.39283e+00
   7.25000   4.75000   8.41869e+00
   7.50000   4.75000   7.49657e+00
   7.75000   4.75000   6.62078e+00
   8.00000   4.75000   5.78591e+00
   8.25000   4.75000   4.98681e+00
   8.50000   4.75000   4.21854e+00
   8.75000   4.75000   3.47634e+00
   9.00000   4.75000   2.75564e+00
   9.25000   4.75000   2.05196e+00
   9.50000   4.75000   1.36097e+00
   9.75000   4.75000   6.78392e-01
  10.00000   4.75000   0.00000e+00
   0.00000   5.00000   1.00000e+02
   0.25000   5.00000   9.24196e+01
   0.50000   5.00000   8.54090e+01
   0.75000   5.00000   7.89250e+01
   1.00000   5.00000   7.29277e+01
   1.25000   5.00000   6.73801e+01
   1.50000   5.00000   6.22479e+01
   1.75000   5.00000   5.74996e+01
   2.00000   5.00000   5.31060e+01
   2.25000   5.00000   4.90398e+01
   2.50000   5.00000   4.52761e+01
   2.75000   5.00000   4.17917e+01
   3.00000   5.00000   3.85651e+01
   3.25000   5.00000   3.55764e+01
   3.50000   5.00000   3.28072e+01
   3.75000   5.00000   3.02405e+01
   4.00000   5.00000   2.78603e+01
   4.25000   5.00000   2.56520e+01
   4.50000   5.00000   2.36021e+01
   4.75000   5.00000   2.16979e+01
   5.00000   5.00000   1.99276e+01
   5.25000   5.00000   1.82804e+01
   5.50000   5.00000   1.67460e+01
   5.75000   5.00000   1.53151e+01
   6.00000   5.00000   1.39787e+01
   6.25000   5.00000   1.27287e+01
   6.50000   5.00000   1.15573e+01
   6.75000   5.00000   1.04573e+01
   7.00000   5.00000   9.42191e+00
   7.25000   5.00000   8.44475e+00
   7.50000   5.00000   7.51978e+00
   7.75000   5.00000   6.64128e+00
   8.00000   5.00000   5.80383e+00
   8.25000   5.00000   5.00226e+00
   8.50000   5.00000   4.23160e+00
   8.75000   5.00000   3.48711e+00
   9.00000   5.00000   2.76417e+00
   9.25000   5.00000   2.05832e+00
   9.50000   5.00000   1.36519e+00
   9.75000   5.00000   6.80492e-01
  10.00000   5.00000   0.00000e+00
   0.00000   5.25000   9.96917e+01
   0.25000   5.25000   9.21347e+01
   0.50000   5.25000   8.51457e+01
   0.75000   5.25000   7.86817e+01
   1.00000   5.25000   7.27029e+01
   1.25000   5.25000   6.71724e+01
   1.50000   5.25000   6.20561e+01
   1.75000   5.25000   5.73224e+01
   2.00000   5.25000   5.29423e+01
   2.25000   5.25000   4.88887e+01
   2.50000   5.25000   4.51366e+01
   2.75000   5.25000   4.16629e+01
   3.00000   5.25000   3.84463e+01
   3.25000   5.25000   3.54668e+01
   3.50000   5.25000   3.27061e+01
   3.75000   5.25000   3.01473e+01
   4.00000   5.25000   2.77744e+01
   4.25000   5.25000   2.55730e+01
   4.50000   5.25000   2.35294e+01
   4.75000   5.25000   2.16311e+01
   5.00000   5.25000   1.98663e+01
   5.25000   5.25000   1.82241e+01
   5.50000   5.25000   1.66944e+01
   5.75000   5.25000   1.52679e+01
   6.00000   5.25000   1.39357e+01
   6.25000   5.25000   1.26895e+01
   6.50000   5.25000   1.15217e+01
   6.75000   5.25000   1.04251e+01
   7.00000   5.25000   9.39290e+00
   7.25000   5.25000   8.41875e+00
   7.50000   5.25000   7.49663e+00
   7.75000   5.25000   6.62083e+00
   8.00000   5.25000   5.78596e+00
   8.25000   5.25000   4.98686e+00
   8.50000   5.25000   4.21858e+00
   8.75000   5.25000   3.47637e+00
   9.00000   5.25000   2.75566e+00
   9.25000   5.25000   2.05198e+00
   9.50000   5.25000   1.36098e+00
   9.75000   5.25000   6.78398e-01
  10.00000   5.25000   0.00000e+00
   0.00000   5.50000   9.87688e+01
   0.25000   5.50000   9.12818e+01
   0.50000   5.50000   8.43575e+01
   0.75000   5.50000   7.79534e+01
   1.00000   5.50000   7.20299e+01
   1.25000   5.50000   6.65505e+01
   1.50000   5.50000   6.14816e+01
   1.75000   5.50000   5.67918e+01
   2.00000   5.50000   5.24522e+01
   2.25000   5.50000   4.84361e+01
   2.50000   5.50000   4.47188e+01
   2.75000   5.50000   4.12773e+01
   3.00000   5.50000   3.80904e+01
   3.25000   5.50000   3.51385e+01
   3.50000   5.50000   3.24034e+01
   3.75000   5.50000   2.98682e+01
   4.00000   5.50000   2.75174e+01
   4.25000   5.50000   2.53363e+01
   4.50000   5.50000   2.33116e+01
   4.75000   5.50000   2.14309e+01
   5.00000   5.50000   1.96824e+01
   5.25000   5.50000   1.80554e+01
   5.50000   5.50000   1.65399e+01
   5.75000   5.50000   1.51266e+01
   6.00000   5.50000   1.38067e+01
   6.25000   5.50000   1.25720e+01
   6.50000   5.50000   1.14151e+01
   6.75000   5.50000   1.03286e+01
   7.00000   5.50000   9.30598e+00
   7.25000   5.50000   8.34084e+00
   7.50000   5.50000   7.42725e+00
   7.75000   5.50000   6.55957e+00
   8.00000   5.50000   5.73242e+00
   8.25000   5.50000   4.94071e+00
   8.50000   5.50000   4.17954e+00
   8.75000   5.50000   3.44421e+00
   9.00000   5.50000   2.73016e+00
   9.25000   5.50000   2.03299e+00
   9.50000   5.50000   1.34839e+00
   9.75000   5.50000   6.72121e-01
  10.00000   5.50000   0.00000e+00
   0.00000   5.75000   9.72370e+01
   0.25000   5.75000   8.98660e+01
   0.50000   5.75000   8.30492e+01
   0.75000   5.75000   7.67444e+01
   1.00000   5.75000   7.09127e+01
   1.25000   5.75000   6.55184e+01
   1.50000   5.75000   6.05281e+01
   1.75000   5.75000   5.59110e+01
   2.00000   5.75000   5.16387e+01
   2.25000   5.75000   4.76849e+01
   2.50000   5.75000   4.40252e+01
   2.75000   5.75000   4.06371e+01
   3.00000   5.75000   3.74997e+01
   3.25000   5.75000   3.45936e+01
   3.50000   5.75000   3.19009e+01
   3.75000   5.75000   2.94050e+01
   4.00000   5.75000   2.70906e+01
   4.25000   5.75000   2.49434e+01
   4.50000   5.75000   2.29501e+01
   4.75000   5.75000   2.10985e+01
   5.00000   5.75000   1.93772e+01
   5.25000   5.75000   1.77754e+01
   5.50000   5.75000   1.62835e+01
   5.75000   5.75000   1.48920e+01
   6.00000   5.75000   1.35926e+01
   6.25000   5.75000   1.23771e+01
   6.50000   5.75000   1.12381e+01
   6.75000   5.75000   1.01685e+01
   7.00000   5.75000   9.16168e+00
   7.25000   5.75000   8.21151e+00
   7.50000   5.75000   7.31209e+00
   7.75000   5.75000   6.45786e+00
   8.00000   5.75000   5.64354e+00
   8.25000   5.75000   4.86411e+00
   8.50000   5.75000   4.11474e+00
   8.75000   5.75000   3.39080e+00
   9.00000   5.75000   2.68783e+00
   9.25000   5.75000   2.00147e+00
   9.50000   5.75000   1.32749e+00
   9.75000   5.75000   6.61700e-01
  10.00000   5.75000   0.00000e+00
   0.00000   6.00000   9.51057e+01
   0.25000   6.00000   8.78963e+01
   0.50000   6.00000   8.12288e+01
   0.75000   6.00000   7.50622e+01
   1.00000   6.00000   6.93584e+01
   1.25000   6.00000   6.40823e+01
   1.50000   6.00000   5.92014e+01
   1.75000   6.00000   5.46855e+01
   2.00000   6.00000   5.05069e+01
   2.25000   6.00000   4.66397e+01
   2.50000   6.00000   4.30603e+01
   2.75000   6.00000   3.97464e+01
   3.00000   6.00000   3.66777e+01
   3.25000   6.00000   3.38353e+01
   3.50000   6.00000   3.12017e+01
   3.75000   6.00000   2.87605e+01
   4.00000   6.00000   2.64969e+01
   4.25000   6.00000   2.43967e+01
   4.50000   6.00000   2.24471e+01
   4.75000   6.00000   2.06361e+01
   5.00000   6.00000   1.89525e+01
   5.25000   6.00000   1.73859e+01
   5.50000   6.00000   1.59266e+01
   5.75000   6.00000   1.45657e+01
   6.00000   6.00000   1.32947e+01
   6.25000   6.00000   1.21058e+01
   6.50000   6.00000   1.09918e+01
   6.75000   6.00000   9.94561e+00
   7.00000   6.00000   8.96090e+00
   7.25000   6.00000   8.03155e+00
   7.50000   6.00000   7.15184e+00
   7.75000   6.00000   6.31633e+00
   8.00000   6.00000   5.51986e+00
   8.25000   6.00000   4.75751e+00
   8.50000   6.00000   4.02456e+00
   8.75000   6.00000   3.31650e+00
   9.00000   6.00000   2.62893e+00
   9.25000   6.00000   1.95761e+00
   9.50000   6.00000   1.29839e+00
   9.75000   6.00000   6.47199e-01
  10.00000   6.00000   0.00000e+00
   0.00000   6.25000   9.23880e+01
   0.25000   6.25000   8.53846e+01
   0.50000   6.25000   7.89077e+01
   0.75000   6.25000   7.29173e+01
   1.00000   6.25000   6.73765e+01
   1.25000   6.25000   6.22511e+01
   1.50000   6.25000   5.75097e+01
   1.75000   6.25000   5.31228e+01
   2.00000   6.25000   4.90636e+01
   2.25000   6.25000   4.53070e+01
   2.50000   6.25000   4.18298e+01
   2.75000   6.25000   3.86107e+01
   3.00000   6.25000   3.56297e+01
   3.25000   6.25000   3.28685e+01
   3.50000   6.25000   3.03101e+01
   3.75000   6.25000   2.79387e+01
   4.00000   6.25000   2.57397e+01
   4.25000   6.25000   2.36996e+01
   4.50000   6.25000   2.18057e+01
   4.75000   6.25000   2.00465e+01
   5.00000   6.25000   1.84109e+01
   5.25000   6.25000   1.68891e+01
   5.50000   6.25000   1.54715e+01
   5.75000   6.25000   1.41495e+01
   6.00000   6.25000   1.29148e+01
   6.25000   6.25000   1.17599e+01
   6.50000   6.25000   1.06777e+01
   6.75000   6.25000   9.66144e+00
   7.00000   6.25000   8.70487e+00
   7.25000   6.25000   7.80208e+00
   7.50000   6.25000   6.94750e+00
   7.75000   6.25000   6.13587e+00
   8.00000   6.25000   5.36215e+00
   8.25000   6.25000   4.62158e+00
   8.50000   6.25000   3.90958e+00
   8.75000   6.25000   3.22174e+00
   9.00000   6.25000   2.55382e+00
   9.25000   6.25000   1.90168e+00
   9.50000   6.25000   1.26130e+00
   9.75000   6.25000   6.28708e-01
  10.00000   6.25000   0.00000e+00
   0.00000   6.50000   8.91007e+01
   0.25000   6.50000   8.23465e+01
   0.50000   6.50000   7.61000e+01
   0.75000   6.50000   7.03228e+01
   1.00000   6.50000   6.49791e+01
   1.25000   6.50000   6.00362e+01
   1.50000   6.50000   5.54634e+01
   1.75000   6.50000   5.12327e+01
   2.00000   6.50000   4.73179e+01
   2.25000   6.50000   4.36950e+01
   2.50000   6.50000   4.03415e+01
   2.75000   6.50000   3.72369e+01
   3.00000   6.50000   3.43620e+01
   3.25000   6.50000   3.16990e+01
   3.50000   6.50000   2.92317e+01
   3.75000   6.50000   2.69447e+01
   4.00000   6.50000   2.48239e+01
   4.25000   6.50000   2.28564e+01
   4.50000   6.50000   2.10299e+01
   4.75000   6.50000   1.93332e+01
   5.00000   6.50000   1.77559e+01
   5.25000   6.50000   1.62882e+01
   5.50000   6.50000   1.49210e+01
   5.75000   6.50000   1.36461e+01
   6.00000   6.50000   1.24553e+01
   6.25000   6.50000   1.13415e+01
   6.50000   6.50000   1.02978e+01
   6.75000   6.50000   9.31770e+00
   7.00000   6.50000   8.39516e+00
   7.25000   6.50000   7.52450e+00
   7.50000   6.50000   6.70033e+00
   7.75000   6.50000   5.91757e+00
   8.00000   6.50000   5.17138e+00
   8.25000   6.50000   4.45716e+00
   8.50000   6.50000   3.77049e+00
   8.75000   6.50000   3.10712e+00
   9.00000   6.50000   2.46296e+00
   9.25000   6.50000   1.83402e+00
   9.50000   6.50000   1.21642e+00
   9.75000   6.50000   6.06340e-01
  10.00000   6.50000   0.00000e+00
   0.00000   6.75000   8.52640e+01
   0.25000   6.75000   7.88007e+01
   0.50000   6.75000   7.28232e+01
   0.75000   6.75000   6.72947e+01
   1.00000   6.75000   6.21812e+01
   1.25000   6.75000   5.74511e+01
   1.50000   6.75000   5.30752e+01
   1.75000   6.75000   4.90266e+01
   2.00000   6.75000   4.52804e+01
   2.25000   6.75000   4.18135e+01
   2.50000   6.75000   3.86044e+01
   2.75000   6.75000   3.56335e+01
   3.00000   6.75000   3.28824e+01
   3.25000   6.75000   3.03341e+01
   3.50000   6.75000   2.79730e+01
   3.75000   6.75000   2.57845e+01
   4.00000   6.75000   2.37550e+01
   4.25000   6.75000   2.18722e+01
   4.50000   6.75000   2.01244e+01
   4.75000   6.75000   1.85008e+01
   5.00000   6.75000   1.69914e+01
   5.25000   6.75000   1.55869e+01
   5.50000   6.75000   1.42786e+01
   5.75000   6.75000   1.30585e+01
   6.00000   6.75000   1.19190e+01
   6.25000   6.75000   1.08532e+01
   6.50000   6.75000   9.85443e+00
   6.75000   6.75000   8.91652e+00
   7.00000   6.75000   8.03370e+00
   7.25000   6.75000   7.20052e+00
   7.50000   6.75000   6.41184e+00
   7.75000   6.75000   5.66278e+00
   8.00000   6.75000   4.94872e+00
   8.25000   6.75000   4.26525e+00
   8.50000   6.75000   3.60815e+00
   8.75000   6.75000   2.97334e+00
   9.00000   6.75000   2.35692e+00
   9.25000   6.75000   1.75506e+00
   9.50000   6.75000   1.16405e+00
   9.75000   6.75000   5.80234e-01
  10.00000   6.75000   0.00000e+00
   0.00000   7.00000   8.09017e+01
   0.25000   7.00000   7.47690e+01
   0.50000   7.00000   6.90974e+01
   0.75000   7.00000   6.38518e+01
   1.00000   7.00000   5.89998e+01
   1.25000   7.00000   5.45117e+01
   1.50000   7.00000   5.03598e+01
   1.75000   7.00000   4.65183e+01
   2.00000   7.00000   4.29638e+01
   2.25000   7.00000   3.96742e+01
   2.50000   7.00000   3.66294e+01
   2.75000   7.00000   3.38104e+01
   3.00000   7.00000   3.12001e+01
   3.25000   7.00000   2.87822e+01
   3.50000   7.00000   2.65419e+01
   3.75000   7.00000   2.44653e+01
   4.00000   7.00000   2.25397e+01
   4.25000   7.00000   2.07532e+01
   4.50000   7.00000   1.90948e+01
   4.75000   7.00000   1.75543e+01
   5.00000   7.00000   1.61221e+01
   5.25000   7.00000   1.47894e+01
   5.50000   7.00000   1.35481e+01
   5.75000   7.00000   1.23904e+01
   6.00000   7.00000   1.13093e+01
   6.25000   7.00000   1.02980e+01
   6.50000   7.00000   9.35028e+00
   6.75000   7.00000   8.46036e+00
   7.00000   7.00000   7.62270e+00
   7.25000   7.00000   6.83215e+00
   7.50000   7.00000   6.08382e+00
   7.75000   7.00000   5.37308e+00
   8.00000   7.00000   4.69555e+00
   8.25000   7.00000   4.04705e+00
   8.50000   7.00000   3.42356e+00
   8.75000   7.00000   2.82123e+00
   9.00000   7.00000   2.23634e+00
   9.25000   7.00000   1.66527e+00
   9.50000   7.00000   1.10450e+00
   9.75000   7.00000   5.50550e-01
  10.00000   7.00000   0.00000e+00
   0.00000   7.25000   7.60406e+01
   0.25000   7.25000   7.02764e+01
   0.50000   7.25000   6.49456e+01
   0.75000   7.25000   6.00151e+01
   1.00000   7.25000   5.54548e+01
   1.25000   7.25000   5.12363e+01
   1.50000   7.25000   4.73338e+01
   1.75000   7.25000   4.37232e+01
   2.00000   7.25000   4.03823e+01
   2.25000   7.25000   3.72904e+01
   2.50000   7.25000   3.44285e+01
   2.75000   7.25000   3.17789e+01
   3.00000   7.25000   2.93254e+01
   3.25000   7.25000   2.70528e+01
   3.50000   7.25000   2.49471e+01
   3.75000   7.25000   2.29953e+01
   4.00000   7.25000   2.11854e+01
   4.25000   7.25000   1.95063e+01
   4.50000   7.25000   1.79475e+01
   4.75000   7.25000   1.64995e+01
   5.00000   7.25000   1.51534e+01
   5.25000   7.25000   1.39008e+01
   5.50000   7.25000   1.27341e+01
   5.75000   7.25000   1.16460e+01
   6.00000   7.25000   1.06298e+01
   6.25000   7.25000   9.67923e+00
   6.50000   7.25000   8.78848e+00
   6.75000   7.25000   7.95203e+00
   7.00000   7.25000   7.16471e+00
   7.25000   7.25000   6.42165e+00
   7.50000   7.25000   5.71828e+00
   7.75000   7.25000   5.05025e+00
   8.00000   7.25000   4.41343e+00
   8.25000   7.25000   3.80389e+00
   8.50000   7.25000   3.21786e+00
   8.75000   7.25000   2.65172e+00
   9.00000   7.25000   2.10198e+00
   9.25000   7.25000   1.56522e+00
   9.50000   7.25000   1.03814e+00
   9.75000   7.25000   5.17472e-01
  10.00000   7.25000   0.00000e+00
   0.00000   7.50000   7.07107e+01
   0.25000   7.50000   6.53505e+01
   0.50000   7.50000   6.03933e+01
   0.75000   7.50000   5.58085e+01
   1.00000   7.50000   5.15678e+01
   1.25000   7.50000   4.76450e+01
   1.50000   7.50000   4.40161e+01
   1.75000   7.50000   4.06585e+01
   2.00000   7.50000   3.75518e+01
   2.25000   7.50000   3.46766e+01
   2.50000   7.50000   3.20153e+01
   2.75000   7.50000   2.95515e+01
   3.00000   7.50000   2.72699e+01
   3.25000   7.50000   2.51566e+01
   3.50000   7.50000   2.31985e+01
   3.75000   7.50000   2.13835e+01
   4.00000   7.50000   1.97005e+01
   4.25000   7.50000   1.81390e+01
   4.50000   7.50000   1.66895e+01
   4.75000   7.50000   1.53430e+01
   5.00000   7.50000   1.40913e+01
   5.25000   7.50000   1.29265e+01
   5.50000   7.50000   1.18415e+01
   5.75000   7.50000   1.08297e+01
   6.00000   7.50000   9.88472e+00
   6.25000   7.50000   9.00081e+00
   6.50000   7.50000   8.17250e+00
   6.75000   7.50000   7.39467e+00
   7.00000   7.50000   6.66253e+00
   7.25000   7.50000   5.97156e+00
   7.50000   7.50000   5.31749e+00
   7.75000   7.50000   4.69628e+00
   8.00000   7.50000   4.10410e+00
   8.25000   7.50000   3.53728e+00
   8.50000   7.50000   2.99233e+00
   8.75000   7.50000   2.46587e+00
   9.00000   7.50000   1.95465e+00
   9.25000   7.50000   1.45552e+00
   9.50000   7.50000   9.65377e-01
   9.75000   7.50000   4.81203e-01
  10.00000   7.50000   0.00000e+00
   0.00000   7.75000   6.49448e+01
   0.25000   7.75000   6.00218e+01
   0.50000   7.75000   5.54688e+01
   0.75000   7.75000   5.12578e+01
   1.00000   7.75000   4.73629e+01
   1.25000   7.75000   4.37600e+01
   1.50000   7.75000   4.04269e+01
   1.75000   7.75000   3.73432e+01
   2.00000   7.75000   3.44898e+01
   2.25000   7.75000   3.18490e+01
   2.50000   7.75000   2.94047e+01
   2.75000   7.75000   2.71418e+01
   3.00000   7.75000   2.50463e+01
   3.25000   7.75000   2.31053e+01
   3.50000   7.75000   2.13069e+01
   3.75000   7.75000   1.96399e+01
   4.00000   7.75000   1.80941e+01
   4.25000   7.75000   1.66600e+01
   4.50000   7.75000   1.53287e+01
   4.75000   7.75000   1.40920e+01
   5.00000   7.75000   1.29423e+01
   5.25000   7.75000   1.18725e+01
   5.50000   7.75000   1.08760e+01
   5.75000   7.75000   9.94664e+00
   6.00000   7.75000   9.07873e+00
   6.25000   7.75000   8.26689e+00
   6.50000   7.75000   7.50612e+00
   6.75000   7.75000   6.79172e+00
   7.00000   7.75000   6.11928e+00
   7.25000   7.75000   5.48465e+00
   7.50000   7.75000   4.88391e+00
   7.75000   7.75000   4.31336e+00
   8.00000   7.75000   3.76946e+00
   8.25000   7.75000   3.24886e+00
   8.50000   7.75000   2.74834e+00
   8.75000   7.75000   2.26481e+00
   9.00000   7.75000   1.79527e+00
   9.25000   7.75000   1.33684e+00
   9.50000   7.75000   8.86663e-01
   9.75000   7.75000   4.41967e-01
  10.00000   7.75000   0.00000e+00
   0.00000   8.00000   5.87785e+01
   0.25000   8.00000   5.43229e+01
   0.50000   8.00000   5.02022e+01
   0.75000   8.00000   4.63910e+01
   1.00000   8.00000   4.28659e+01
   1.25000   8.00000   3.96051e+01
   1.50000   8.00000   3.65886e+01
   1.75000   8.00000   3.37976e+01
   2.00000   8.00000   3.12151e+01
   2.25000   8.00000   2.88251e+01
   2.50000   8.00000   2.66129e+01
   2.75000   8.00000   2.45648e+01
   3.00000   8.00000   2.26683e+01
   3.25000   8.00000   2.09116e+01
   3.50000   8.00000   1.92839e+01
   3.75000   8.00000   1.77752e+01
   4.00000   8.00000   1.63761e+01
   4.25000   8.00000   1.50782e+01
   4.50000   8.00000   1.38733e+01
   4.75000   8.00000   1.27540e+01
   5.00000   8.00000   1.17135e+01
   5.25000   8.00000   1.07452e+01
   5.50000   8.00000   9.84336e+00
   5.75000   8.00000   9.00226e+00
   6.00000   8.00000   8.21676e+00
   6.25000   8.00000   7.48200e+00
   6.50000   8.00000   6.79346e+00
   6.75000   8.00000   6.14689e+00
   7.00000   8.00000   5.53829e+00
   7.25000   8.00000   4.96392e+00
   7.50000   8.00000   4.42022e+00
   7.75000   8.00000   3.90383e+00
   8.00000   8.00000   3.41157e+00
   8.25000   8.00000   2.94040e+00
   8.50000   8.00000   2.48740e+00
   8.75000   8.00000   2.04978e+00
   9.00000   8.00000   1.62483e+00
   9.25000   8.00000   1.20991e+00
   9.50000   8.00000   8.02481e-01
   9.75000   8.00000   4.00006e-01
  10.00000   8.00000   0.00000e+00
   0.00000   8.25000   5.22499e+01
   0.25000   8.25000   4.82891e+01
   0.50000   8.25000   4.46261e+01
   0.75000   8.25000   4.12383e+01
   1.00000   8.25000   3.81047e+01
   1.25000   8.25000   3.52061e+01
   1.50000   8.25000   3.25246e+01
   1.75000   8.25000   3.00436e+01
   2.00000   8.25000   2.77480e+01
   2.25000   8.25000   2.56234e+01
   2.50000   8.25000   2.36569e+01
   2.75000   8.25000   2.18363e+01
   3.00000   8.25000   2.01505e+01
   3.25000   8.25000   1.85889e+01
   3.50000   8.25000   1.71420e+01
   3.75000   8.25000   1.58009e+01
   4.00000   8.25000   1.45572e+01
   4.25000   8.25000   1.34034e+01
   4.50000   8.25000   1.23324e+01
   4.75000   8.25000   1.13374e+01
   5.00000   8.25000   1.04125e+01
   5.25000   8.25000   9.55177e+00
   5.50000   8.25000   8.75006e+00
   5.75000   8.25000   8.00238e+00
   6.00000   8.25000   7.30412e+00
   6.25000   8.25000   6.65098e+00
   6.50000   8.25000   6.03892e+00
   6.75000   8.25000   5.46416e+00
   7.00000   8.25000   4.92316e+00
   7.25000   8.25000   4.41258e+00
   7.50000   8.25000   3.92927e+00
   7.75000   8.25000   3.47024e+00
   8.00000   8.25000   3.03266e+00
   8.25000   8.25000   2.61382e+00
   8.50000   8.25000   2.21113e+00
   8.75000   8.25000   1.82211e+00
   9.00000   8.25000   1.44436e+00
   9.25000   8.25000   1.07553e+00
   9.50000   8.25000   7.13351e-01
   9.75000   8.25000   3.55578e-01
  10.00000   8.25000   0.00000e+00
   0.00000   8.50000   4.53990e+01
   0.25000   8.50000   4.19576e+01
   0.50000   8.50000   3.87749e+01
   0.75000   8.50000   3.58313e+01
   1.00000   8.50000   3.31086e+01
   1.25000   8.50000   3.05900e+01
   1.50000   8.50000   2.82601e+01
   1.75000   8.50000   2.61044e+01
   2.00000   8.50000   2.41098e+01
   2.25000   8.50000   2.22638e+01
   2.50000   8.50000   2.05551e+01
   2.75000   8.50000   1.89733e+01
   3.00000   8.50000   1.75084e+01
   3.25000   8.50000   1.61516e+01
   3.50000   8.50000   1.48944e+01
   3.75000   8.50000   1.37291e+01
   4.00000   8.50000   1.26486e+01
   4.25000   8.50000   1.16460e+01
   4.50000   8.50000   1.07154e+01
   4.75000   8.50000   9.85092e+00
   5.00000   8.50000   9.04723e+00
   5.25000   8.50000   8.29939e+00
   5.50000   8.50000   7.60280e+00
   5.75000   8.50000   6.95316e+00
   6.00000   8.50000   6.34645e+00
   6.25000   8.50000   5.77894e+00
   6.50000   8.50000   5.24713e+00
   6.75000   8.50000   4.74773e+00
   7.00000   8.50000   4.27767e+00
   7.25000   8.50000   3.83403e+00
   7.50000   8.50000   3.41409e+00
   7.75000   8.50000   3.01525e+00
   8.00000   8.50000   2.63504e+00
   8.25000   8.50000   2.27111e+00
   8.50000   8.50000   1.92122e+00
   8.75000   8.50000   1.58321e+00
   9.00000   8.50000   1.25499e+00
   9.25000   8.50000   9.34516e-01
   9.50000   8.50000   6.19821e-01
   9.75000   8.50000   3.08957e-01
  10.00000   8.50000   0.00000e+00
   0.00000   8.75000   3.82683e+01
   0.25000   8.75000   3.53675e+01
   0.50000   8.75000   3.26847e+01
   0.75000   8.75000   3.02034e+01
   1.00000   8.75000   2.79083e+01
   1.25000   8.75000   2.57853e+01
   1.50000   8.75000   2.38214e+01
   1.75000   8.75000   2.20043e+01
   2.00000   8.75000   2.03229e+01
   2.25000   8.75000   1.87669e+01
   2.50000   8.75000   1.73266e+01
   2.75000   8.75000   1.59932e+01
   3.00000   8.75000   1.47584e+01
   3.25000   8.75000   1.36147e+01
   3.50000   8.75000   1.25550e+01
   3.75000   8.75000   1.15727e+01
   4.00000   8.75000   1.06619e+01
   4.25000   8.75000   9.81685e+00
   4.50000   8.75000   9.03239e+00
   4.75000   8.75000   8.30367e+00
   5.00000   8.75000   7.62622e+00
   5.25000   8.75000   6.99585e+00
   5.50000   8.75000   6.40867e+00
   5.75000   8.75000   5.86106e+00
   6.00000   8.75000   5.34965e+00
   6.25000   8.75000   4.87127e+00
   6.50000   8.75000   4.42299e+00
   6.75000   8.75000   4.00203e+00
   7.00000   8.75000   3.60580e+00
   7.25000   8.75000   3.23184e+00
   7.50000   8.75000   2.87786e+00
   7.75000   8.75000   2.54166e+00
   8.00000   8.75000   2.22117e+00
   8.25000   8.75000   1.91440e+00
   8.50000   8.75000   1.61947e+00
   8.75000   8.75000   1.33455e+00
   9.00000   8.75000   1.05787e+00
   9.25000   8.75000   7.87737e-01
   9.50000   8.75000   5.22470e-01
   9.75000   8.75000   2.60431e-01
  10.00000   8.75000   0.00000e+00
   0.00000   9.00000   3.09017e+01
   0.25000   9.00000   2.85592e+01
   0.50000   9.00000   2.63929e+01
   0.75000   9.00000   2.43892e+01
   1.00000   9.00000   2.25360e+01
   1.25000   9.00000   2.08217e+01
   1.50000   9.00000   1.92358e+01
   1.75000   9.00000   1.77685e+01
   2.00000   9.00000   1.64108e+01
   2.25000   9.00000   1.51543e+01
   2.50000   9.00000   1.39912e+01
   2.75000   9.00000   1.29145e+01
   3.00000   9.00000   1.19175e+01
   3.25000   9.00000   1.09939e+01
   3.50000   9.00000   1.01382e+01
   3.75000   9.00000   9.34501e+00
   4.00000   9.00000   8.60950e+00
   4.25000   9.00000   7.92712e+00
   4.50000   9.00000   7.29367e+00
   4.75000   9.00000   6.70523e+00
   5.00000   9.00000   6.15819e+00
   5.25000   9.00000   5.64916e+00
   5.50000   9.00000   5.17501e+00
   5.75000   9.00000   4.73282e+00
   6.00000   9.00000   4.31985e+00
   6.25000   9.00000   3.93357e+00
   6.50000   9.00000   3.57158e+00
   6.75000   9.00000   3.23165e+00
   7.00000   9.00000   2.91169e+00
   7.25000   9.00000   2.60972e+00
   7.50000   9.00000   2.32388e+00
   7.75000   9.00000   2.05240e+00
   8.00000   9.00000   1.79360e+00
   8.25000   9.00000   1.54589e+00
   8.50000   9.00000   1.30773e+00
   8.75000   9.00000   1.07765e+00
   9.00000   9.00000   8.54236e-01
   9.25000   9.00000   6.36101e-01
   9.50000   9.00000   4.21897e-01
   9.75000   9.00000   2.10299e-01
  10.00000   9.00000   0.00000e+00
   0.00000   9.25000   2.33445e+01
   0.25000   9.25000   2.15749e+01
   0.50000   9.25000   1.99384e+01
   0.75000   9.25000   1.84247e+01
   1.00000   9.25000   1.70247e+01
   1.25000   9.25000   1.57296e+01
   1.50000   9.25000   1.45316e+01
   1.75000   9.25000   1.34231e+01
   2.00000   9.25000   1.23974e+01
   2.25000   9.25000   1.14482e+01
   2.50000   9.25000   1.05696e+01
   2.75000   9.25000   9.75622e+00
   3.00000   9.25000   9.00299e+00
   3.25000   9.25000   8.30530e+00
   3.50000   9.25000   7.65885e+00
   3.75000   9.25000   7.05965e+00
   4.00000   9.25000   6.50401e+00
   4.25000   9.25000   5.98852e+00
   4.50000   9.25000   5.50998e+00
   4.75000   9.25000   5.06544e+00
   5.00000   9.25000   4.65218e+00
   5.25000   9.25000   4.26764e+00
   5.50000   9.25000   3.90945e+00
   5.75000   9.25000   3.57539e+00
   6.00000   9.25000   3.26342e+00
   6.25000   9.25000   2.97160e+00
   6.50000   9.25000   2.69814e+00
   6.75000   9.25000   2.44134e+00
   7.00000   9.25000   2.19963e+00
   7.25000   9.25000   1.97151e+00
   7.50000   9.25000   1.75557e+00
   7.75000   9.25000   1.55048e+00
   8.00000   9.25000   1.35497e+00
   8.25000   9.25000   1.16784e+00
   8.50000   9.25000   9.87920e-01
   8.75000   9.25000   8.14110e-01
   9.00000   9.25000   6.45332e-01
   9.25000   9.25000   4.80541e-01
   9.50000   9.25000   3.18721e-01
   9.75000   9.25000   1.58870e-01
  10.00000   9.25000   0.00000e+00
   0.00000   9.50000   1.56434e+01
   0.25000   9.50000   1.44576e+01
   0.50000   9.50000   1.33609e+01
   0.75000   9.50000   1.23466e+01
   1.00000   9.50000   1.14084e+01
   1.25000   9.50000   1.05406e+01
   1.50000   9.50000   9.73778e+00
   1.75000   9.50000   8.99499e+00
   2.00000   9.50000   8.30768e+00
   2.25000   9.50000   7.67160e+00
   2.50000   9.50000   7.08283e+00
   2.75000   9.50000   6.53776e+00
   3.00000   9.50000   6.03301e+00
   3.25000   9.50000   5.56548e+00
   3.50000   9.50000   5.13229e+00
   3.75000   9.50000   4.73076e+00
   4.00000   9.50000   4.35842e+00
   4.25000   9.50000   4.01298e+00
   4.50000   9.50000   3.69231e+00
   4.75000   9.50000   3.39442e+00
   5.00000   9.50000   3.11749e+00
   5.25000   9.50000   2.85980e+00
   5.50000   9.50000   2.61977e+00
   5.75000   9.50000   2.39592e+00
   6.00000   9.50000   2.18686e+00
   6.25000   9.50000   1.99131e+00
   6.50000   9.50000   1.80806e+00
   6.75000   9.50000   1.63598e+00
   7.00000   9.50000   1.47400e+00
   7.25000   9.50000   1.32114e+00
   7.50000   9.50000   1.17643e+00
   7.75000   9.50000   1.03900e+00
   8.00000   9.50000   9.07986e-01
   8.25000   9.50000   7.82584e-01
   8.50000   9.50000   6.62020e-01
   8.75000   9.50000   5.45547e-01
   9.00000   9.50000   4.32446e-01
   9.25000   9.50000   3.22018e-01
   9.50000   9.50000   2.13580e-01
   9.75000   9.50000   1.06461e-01
  10.00000   9.50000   0.00000e+00
   0.00000   9.75000   7.84591e+00
   0.25000   9.75000   7.25116e+00
   0.50000   9.75000   6.70112e+00
   0.75000   9.75000   6.19240e+00
   1.00000   9.75000   5.72186e+00
   1.25000   9.75000   5.28660e+00
   1.50000   9.75000   4.88395e+00
   1.75000   9.75000   4.51140e+00
   2.00000   9.75000   4.16668e+00
   2.25000   9.75000   3.84766e+00
   2.50000   9.75000   3.55237e+00
   2.75000   9.75000   3.27899e+00
   3.00000   9.75000   3.02584e+00
   3.25000   9.75000   2.79135e+00
   3.50000   9.75000   2.57408e+00
   3.75000   9.75000   2.37270e+00
   4.00000   9.75000   2.18595e+00
   4.25000   9.75000   2.01270e+00
   4.50000   9.75000   1.85186e+00
   4.75000   9.75000   1.70246e+00
   5.00000   9.75000   1.56357e+00
   5.25000   9.75000   1.43433e+00
   5.50000   9.75000   1.31394e+00
   5.75000   9.75000   1.20167e+00
   6.00000   9.75000   1.09682e+00
   6.25000   9.75000   9.98737e-01
   6.50000   9.75000   9.06829e-01
   6.75000   9.75000   8.20522e-01
   7.00000   9.75000   7.39284e-01
   7.25000   9.75000   6.62614e-01
   7.50000   9.75000   5.90038e-01
   7.75000   9.75000   5.21108e-01
   8.00000   9.75000   4.55399e-01
   8.25000   9.75000   3.92504e-01
   8.50000   9.75000   3.32035e-01
   8.75000   9.75000   2.73618e-01
   9.00000   9.75000   2.16893e-01
   9.25000   9.75000   1.61508e-01
   9.50000   9.75000   1.07121e-01
   9.75000   9.75000   5.33954e-02
  10.00000   9.75000   0.00000e+00
   0.00000  10.00000   0.00000e+00
   0.25000  10.00000   0.00000e+00
   0.50000  10.00000   0.00000e+00
   0.75000  10.00000   0.00000e+00
   1.00000  10.00000   0.00000e+00
   1.25000  10.00000   0.00000e+00
   1.50000  10.00000   0.00000e+00
   1.75000  10.00000   0.00000e+00
   2.00000  10.00000   0.00000e+00
   2.25000  10.00000   0.00000e+00
   2.50000  10.00000   0.00000e+00
   2.75000  10.00000   0.00000e+00
   3.00000  10.00000   0.00000e+00
   3.25000  10.00000   0.00000e+00
   3.50000  10.00000   0.00000e+00
   3.75000  10.00000   0.00000e+00
   4.00000  10.00000   0.00000e+00
   4.25000  10.00000   0.00000e+00
   4.50000  10.00000   0.00000e+00
   4.75000  10.00000   0.00000e+00
   5.00000  10.00000   0.00000e+00
   5.25000  10.00000   0.00000e+00
   5.50000  10.00000   0.00000e+00
   5.75000  10.00000   0.00000e+00
   6.00000  10.00000   0.00000e+00
   6.25000  10.00000   0.00000e+00
   6.50000  10.00000   0.00000e+00
   6.75000  10.00000   0.00000e+00
   7.00000  10.00000   0.00000e+00
   7.25000  10.00000   0.00000e+00
   7.50000  10.00000   0.00000e+00
   7.75000  10.00000   0.00000e+00
   8.00000  10.00000   0.00000e+00
   8.25000  10.00000   0.00000e+00
   8.50000  10.00000   0.00000e+00
   8.75000  10.00000   0.00000e+00
   9.00000  10.00000   0.00000e+00
   9.25000  10.00000   0.00000e+00
   9.50000  10.00000   0.00000e+00
   9.75000  10.00000   0.00000e+00
  10.00000  10.00000   0.00000e+00
