  1  1.000000     -1.527956E-07   -1.913465E-06   -9.909081E-06   -6.653909E-07
                  -4.866282E-06   -2.182898E-06
  2  2.000000     -2.626441E-06   -7.686637E-06   -4.894416E-06   -4.802651E-06
                  -4.269582E-06    9.239772E-06
  3  2.999999     -9.059750E-06   -7.186675E-06    1.835082E-06   -6.683713E-06
                   4.957617E-06    2.119972E-06
  4  3.999998     -1.245922E-05   -2.000296E-06   -3.642685E-07    1.209369E-06
                   2.783634E-06   -4.697498E-06
  5  4.999998     -6.796658E-06   -3.654756E-06   -3.956374E-06    8.587805E-06
                  -4.881495E-06   -1.612333E-06
  6  5.999997      5.945931E-07   -6.844461E-06   -3.952349E-06    4.534375E-06
                   7.438339E-07    9.843396E-07
  7  6.999996      1.619525E-06   -1.489997E-06   -2.365000E-06   -1.482372E-06
                   8.300083E-06    2.570224E-06
  8  7.999995      5.971421E-07    5.165430E-06    1.822950E-06    6.401860E-07
                   3.374492E-06    5.484357E-06
  9  8.999998      3.414593E-06    5.318717E-06    6.304616E-06    4.364948E-06
                  -1.667538E-06    1.995088E-06
 10 10.000002      7.502323E-06    4.648187E-06    4.455827E-06    3.065460E-06
                   8.735929E-07   -5.053506E-06
 11 11.000006      8.949042E-06    5.929848E-06   -4.530610E-07   -1.308255E-07
                   5.653662E-07   -2.868913E-06
 12 12.000010      7.402716E-06    4.623172E-06    3.710609E-07   -2.940734E-06
                  -2.827785E-06    3.879554E-06
 13 13.000013      3.242137E-06    2.065520E-06    4.113519E-06   -5.060738E-06
                  -1.515000E-06    1.895404E-06
 14 14.000017     -1.508443E-06    1.452363E-06    2.722268E-06   -3.729177E-06
                  -5.755700E-07   -4.179438E-06
 15 15.000021     -3.460442E-06   -8.203203E-07   -1.888221E-06   -3.493605E-07
                  -4.209247E-06   -3.846021E-06
 16 16.000025     -3.510447E-06   -5.564527E-06   -3.933671E-06   -5.614912E-07
                  -3.993177E-06   -4.412554E-07
 17 17.000029     -5.395886E-06   -6.960178E-06   -3.684203E-06   -2.991193E-06
                   1.264725E-06    5.955451E-07
 18 18.000032     -8.070281E-06   -4.597390E-06   -2.817021E-06   -1.492280E-06
                   2.324830E-06    1.255999E-06
 19 19.000036     -7.399549E-06   -3.585824E-06   -1.315166E-06    2.769790E-06
                  -1.473953E-07    1.397941E-06
 20 20.000040     -3.520337E-06   -3.506621E-06   -8.053191E-07    4.326724E-06
                   1.054696E-06   -5.191957E-07
 21 21.000044      3.247613E-07   -1.057348E-06   -1.655434E-06    3.196311E-06
                   3.441964E-06   -4.584730E-07
 22 22.000048      2.948436E-06    2.132706E-06   -5.350938E-07    2.154825E-06
                   2.479690E-06    2.812294E-06
 23 23.000051      4.713340E-06    3.879220E-06    2.944094E-06    1.359678E-06
                   1.338508E-06    3.233439E-06
 24 24.000055      5.705469E-06    5.298733E-06    4.474473E-06    7.123543E-07
                   1.433739E-06   -3.897846E-07
 25 25.000059      6.320763E-06    6.034812E-06    2.894025E-06    5.174359E-07
                  -3.658104E-07   -2.062457E-06
 26 26.000063      6.388096E-06    4.421230E-06    1.467292E-06   -6.911446E-07
                  -2.519030E-06   -6.099093E-07
 27 27.000067      4.454178E-06    2.039626E-06    1.294953E-06   -3.203370E-06
                  -1.836100E-06   -1.021720E-07
 28 28.000071      5.216599E-07    7.613399E-07    7.833888E-07   -4.174931E-06
                  -1.085330E-06   -9.431463E-07
 29 29.000074     -2.988224E-06   -9.344934E-07   -3.713929E-07   -2.587158E-06
                  -2.478728E-06   -1.252419E-06
 30 30.000078     -4.696250E-06   -3.765705E-06   -1.687690E-06   -1.058172E-06
                  -2.692856E-06   -1.420259E-06
